[DhtmlXQ]
[DhtmlXQ_ver]www_vietcotuong_com[/DhtmlXQ_ver]
[DhtmlXQ_init]500,350[/DhtmlXQ_init]
[DhtmlXQ_title]第13轮-第12台-浙江1-何文哲-先胜-重庆46-郭友华[/DhtmlXQ_title]
[DhtmlXQ_event]2014年重庆忠县首届“体彩杯”象棋公开赛[/DhtmlXQ_event]
[DhtmlXQ_date]2014年05月02日[/DhtmlXQ_date]
[DhtmlXQ_place]重庆忠县体育馆[/DhtmlXQ_place]
[DhtmlXQ_round][/DhtmlXQ_round]
[DhtmlXQ_table][/DhtmlXQ_table]
[DhtmlXQ_red]何文哲[/DhtmlXQ_red]
[DhtmlXQ_redteam][/DhtmlXQ_redteam]
[DhtmlXQ_redrating][/DhtmlXQ_redrating]
[DhtmlXQ_blacktime][/DhtmlXQ_time]
[DhtmlXQ_black]郭友华[/DhtmlXQ_black]
[DhtmlXQ_blackteam][/DhtmlXQ_blackteam]
[DhtmlXQ_blackrating][/DhtmlXQ_blackrating]
[DhtmlXQ_blacktime][/DhtmlXQ_time]
[DhtmlXQ_result]红胜[/DhtmlXQ_result]
[DhtmlXQ_open]A10 飞相局[/DhtmlXQ_open]
[DhtmlXQ_remark][/DhtmlXQ_remark]
[DhtmlXQ_author][/DhtmlXQ_author]
[DhtmlXQ_binit]0919293949596979891777062646668600102030405060708012720323436383[/DhtmlXQ_binit]
[DhtmlXQ_movelist]6947100266657062796700011927808117071222091901111911811167551114775703048979728226256364656414642735224279768281576781115948021435231121072742226762646255436232432221232723322223432223434414067666040566600515290715250725237360660614445414335458737958597973485730413948204259693352464552644544737666657686445486856566645254535273536373816676816063628584476584242547242376706052625241527076[/DhtmlXQ_movelist]
[DhtmlXQ_comment0]排名 编号 姓名 单位 总分 累进分 胜数 犯规 后手数 对手分 胜率 出场 胜 平 负 称号 等级分 备注 编排 PK ||1 33 赵攀伟 四川4 23 165 10 0 6 230 88.46 13 10 3 0  0  编排 PK ||2 41 郑惟桐 四川12 21 151 9 0 7 224 80.77 13 9 3 1 大师 2589  编排 PK ||3 32 武俊强 四川3 20 147 8 0 7 225 76.92 13 8 4 1 大师 2531  编排 PK ||4 30 李少庚 四川1 19 143 6 0 7 228 73.08 13 6 7 0 大师 2524  编排 PK ||5 37 曾　军 四川8 19 141 9 0 7 221 73.08 13 9 1 3  0  编排 PK ||6 40 杨　辉 四川11 19 138 7 0 6 218 73.08 13 7 5 1  2300  编排 PK ||7 47 金　华 新疆1 19 137 8 0 6 213 73.08 13 8 3 2  0  编排 PK ||8 156 张福生 重庆35 19 133 8 0 7 207 73.08 13 8 3 2  0  编排 PK ||9 50 何文哲 浙江1 18 136 8 0 6 217 69.23 13 8 2 3 大师 2450  编排 PK ||10 48 张　欣 新疆2 18 135 7 0 7 210 69.23 13 7 4 2  2396  编排 PK ||11 6 陈柳刚 贵州1 18 131 7 0 6 208 69.23 13 7 4 2  0  编排 PK ||12 5 蔡佑广 广东3 18 129 7 0 6 192 69.23 13 7 4 2  2300  编排 PK ||13 49 连泽特 新疆3 17 141 6 0 6 218 65.38 13 6 5 2 大师 2422  编排 PK ||14 15 刘宗泽 湖北1 17 135 7 0 7 217 65.38 13 7 3 3  2340  编排 PK ||15 16 赵子雨 湖北2 17 131 6 0 7 214 65.38 13 6 5 2  2450  编排 PK ||16 46 张　彬 天津 17 130 6 0 6 213 65.38 13 6 5 2  0  编排 PK ||17 149 张　勇 重庆28 17 129 7 0 6 216 65.38 13 7 3 3  0  编排 PK ||18 155 张若愚 重庆34 17 129 6 0 7 207 65.38 13 6 5 2  0  编排 PK ||19 159 许文学 重庆38 17 129 6 0 7 198 65.38 13 6 5 2 大师 2442  编排 PK ||20 141 严　勇 重庆20 17 125 7 0 6 201 65.38 13 7 3 3  0  编排 PK ||21 18 高　下 湖北4 17 123 7 0 6 192 65.38 13 7 3 3  0  编排 PK ||22 27 罗春阳 辽宁 17 119 8 0 6 191 65.38 13 8 1 4  0  编排 PK ||23 129 路　耿 重庆8 17 112 5 0 7 189 65.38 13 5 7 1  0  编排 PK ||24 26 周永忠 重庆6 16 127 7 0 7 198 61.54 13 7 2 4  0  编排 PK ||25 51 李炳贤 浙江2 16 126 6 0 7 208 61.54 13 6 4 3  2300  编排 PK ||26 167 郭友华 重庆46 16 122 6 0 7 190 61.54 13 6 4 3  0  编排 PK ||27 150 杨应东 重庆29 16 120 8 0 7 187 61.54 13 8 0 5  0  编排 PK ||28 28 杨　旭 内蒙古 16 117 7 0 7 196 61.54 13 7 2 4  0  编排 PK ||29 34 雷隆云 四川5 16 117 7 0 6 193 61.54 13 7 2 4  0  编排 PK ||30 31 梁妍婷 四川2 16 117 6 0 7 204 61.54 13 6 4 3 大师 2266  编排 PK ||31 175 肖玉奎 重庆54 16 116 8 0 7 187 61.54 13 8 0 5  0  编排 PK ||32 128 许文章 重庆7 16 115 6 0 6 191 61.54 13 6 4 3  0  编排 PK ||33 25 刘小敏 江西 16 114 7 0 6 176 61.54 13 7 2 4  0  编排 PK ||34 147 谭　斌 重庆26 16 113 7 0 6 180 61.54 13 7 2 4  0  编排 PK ||35 23 安　娜 湖南2 16 110 6 0 7 169 61.54 13 6 4 3  2250  编排 PK ||36 153 文兴定 重庆32 16 109 7 0 6 190 61.54 13 7 2 4  0  编排 PK ||37 63 刘长勇 忠县东溪 16 108 7 0 6 179 61.54 13 7 2 4  0  编排 PK ||38 134 苏自勇 重庆13 16 108 6 0 6 176 61.54 13 6 4 3  0  编排 PK ||39 36 刘　胜 四川7 16 106 5 0 7 186 61.54 13 5 6 2  0  编排 PK ||40 122 管朋云 忠县忠州 16 103 6 0 6 178 61.54 13 6 4 3  0  编排 PK ||41 35 陆文胜 四川6 16 103 5 0 7 183 61.54 13 5 6 2  0  编排 PK ||42 123 周幼林 忠县忠州 16 99 7 0 7 162 61.54 13 7 2 4  0  编排 PK ||43 174 邹开现 重庆53 16 94 8 0 6 164 61.54 13 8 0 5  0  编排 PK ||44 127 雷吉万 忠县忠州 16 94 6 0 7 158 61.54 13 6 4 3  0  编排 PK ||45 52 郭凤达 浙江3 15 125 7 0 7 205 57.69 13 7 1 5  0  编排 PK ||46 3 徐文俊 广东1 15 121 5 0 7 194 57.69 13 5 5 3  0  编排 PK ||47 7 夏　刚 贵州2 15 114 6 0 6 191 57.69 13 6 3 4  0  编排 PK ||48 43 郎祺琪 四川14 15 112 7 0 6 178 57.69 13 7 1 5  2100  编排 PK ||49 166 龙　群 重庆45 15 111 6 0 6 180 57.69 13 6 3 4  0  编排 PK ||50 145 代　睿 重庆24 15 110 6 0 7 181 57.69 13 6 3 4  0  编排 PK ||51 160 张　波 重庆39 15 110 6 0 6 175 57.69 13 6 3 4  0  编排 PK ||52 131 叶成林 重庆10 15 107 6 0 7 186 57.69 13 6 3 4  0  编排 PK ||53 93 刘召辉 忠县汝溪 15 103 7 0 7 175 57.69 13 7 1 5  0  编排  ||54 148 张　静 重庆27 15 102 6 0 6 172 57.69 13 6 3 4  0  编排 PK ||55 158 颜朝晖 重庆37 15 101 7 0 6 187 57.69 13 7 1 5  0  编排 PK ||56 20 廖　威 湖北5 15 97 5 0 6 187 57.69 13 5 5 3  0  编排  ||57 177 谭先国 重庆55 15 92 5 0 7 154 57.69 13 5 5 3  0  编排  ||58 144 汤继全 重庆23 15 91 7 0 6 162 57.69 13 7 1 5  0  编排 PK ||59 126 吴梦霞 忠县忠州 15 90 5 0 6 167 57.69 13 5 5 3  0  编排  ||60 111 董和平 忠县新立 15 88 6 0 6 160 57.69 13 6 3 4  0  编排  ||61 132 朱德金 重庆11 15 78 6 0 7 143 57.69 13 6 3 4  0  编排 PK ||62 1 田长兴 北京 14 122 6 0 6 200 53.85 13 6 2 5  2408  编排 PK ||63 38 邓其林 四川9 14 115 6 0 7 196 53.85 13 6 2 5  0  编排 PK ||64 135 赵百龄 重庆14 14 114 5 0 7 196 53.85 13 5 4 4  0  编排 PK ||65 140 钟久能 重庆19 14 110 6 0 6 181 53.85 13 6 2 5  0  编排 PK ||66 173 王本耀 重庆52 14 107 6 0 6 186 53.85 13 6 2 5  0  编排 PK ||67 162 袁会和 重庆41 14 106 7 0 6 175 53.85 13 7 0 6  0  编排 PK ||68 130 冉志伟 重庆9 14 103 6 0 6 190 53.85 13 6 2 5  0  编排 PK ||69 124 冯均平 忠县忠州 14 100 5 0 6 185 53.85 13 5 4 4  0  编排 PK ||70 14 杨忠勇 河南2 14 99 6 0 7 178 53.85 13 6 2 5  0  编排  ||71 170 张新贵 重庆49 14 97 4 0 6 158 53.85 13 4 6 3  0  编排 PK ||72 2 冯嘉茂 广东4 14 94 6 0 7 174 53.85 13 6 2 5  0  编排 PK ||73 146 罗通赞 重庆25 14 94 6 0 6 163 53.85 13 6 2 5  0  编排  ||74 102 黄学江 忠县石子 14 89 5 0 6 167 53.85 13 5 4 4  0  编排 PK ||75 79 王自力 忠县黄金 14 83 4 0 6 159 53.85 13 4 6 3  0  编排  ||76 81 刘登雄 忠县金鸡 14 70 7 0 6 148 53.85 13 7 0 6  0  编排  ||77 157 冉柏林 重庆36 14 60 7 0 6 128 53.85 13 7 0 6  0  编排 PK ||78 13 马富顺 河南1 13 107 6 0 6 176 50 13 6 1 6  0  编排 PK ||79 165 熊谦驰 重庆44 13 106 6 0 6 178 50 13 6 1 6  0  编排 PK ||80 4 陈雅文 广东2 13 104 5 0 7 182 50 13 5 3 5  0  编排 PK ||81 171 徐　进 重庆50 13 101 4 0 7 182 50 13 4 5 4  0  编排 PK ||82 24 肖福发 重庆5 13 99 6 0 7 172 50 13 6 1 6  0  编排 PK ||83 178 代大钢 重庆91 13 95 6 0 6 160 50 13 6 1 6  0  编排  ||84 125 谭万清 忠县忠州 13 94 6 0 7 179 50 13 6 1 6  0  编排 PK ||85 114 冉　忠 忠县新生 13 93 5 0 5 173 50 13 5 3 5  0  编排  ||86 68 李忠伟 忠县复兴 13 92 6 0 6 175 50 13 6 1 6  0  编排  ||87 11 金国忠 贵州4 13 92 5 0 6 165 50 13 5 3 5  0  编排 PK ||88 172 袁建全 重庆51 13 90 5 0 6 151 50 13 5 3 5  0  编排 PK ||89 88 谢东生 忠县磨子 13 89 5 0 6 169 50 13 5 3 5  0  编排 PK ||90 142 余则术 重庆21 13 89 4 0 6 166 50 13 4 5 4  0  编排 PK ||91 138 熊晓东 重庆17 13 86 5 0 6 158 50 13 5 3 5  0  编排  ||92 110 何清华 忠县乌杨 13 85 6 0 6 170 50 13 6 1 6  0  编排  ||93 67 刘顺碧 忠县复兴 13 85 6 0 6 168 50 13 6 1 6  0  编排  ||94 151 明　时 重庆30 13 85 5 0 6 154 50 13 5 3 5  0  编排 PK ||95 42 朱乃衡 四川13 13 84 5 0 7 174 50 13 5 3 5  0  编排 PK ||96 119 朱荣华 忠县政府 13 81 4 0 6 167 50 13 4 5 4  0  编排  ||97 17 熊学山 湖北3 13 80 5 0 7 157 50 13 5 3 5  0  编排 PK ||98 54 杨德权 忠县拔山 13 80 5 0 7 154 50 13 5 3 5  0  编排 PK ||99 112 刘海旭 忠县新立 13 78 6 0 7 160 50 13 6 1 6  0  编排  ||100 22 易明明 重庆4 13 78 5 0 7 145 50 13 5 3 5  0  编排 PK ||101 64 雷　鸣 忠县东溪 13 75 6 0 7 155 50 13 6 1 6  0  编排 PK ||102 12 张金传 海南 12 108 5 0 6 188 46.15 13 5 2 6  0  编排 PK ||103 8 罗邦鹏 重庆1 12 106 5 0 7 184 46.15 13 5 2 6  0  编排 PK ||104 143 郭德建 重庆22 12 96 6 0 6 174 46.15 13 6 0 7  0  编排 PK ||105 164 戴华维 重庆43 12 94 6 0 6 175 46.15 13 6 0 7  0  编排  ||106 66 刘思洪 忠县复兴 12 91 5 0 7 178 46.15 13 5 2 6  0  编排 PK ||107 29 李兴华 忠县新立 12 90 5 0 6 177 46.15 13 5 2 6  0  编排 PK ||108 161 曹培林 重庆40 12 89 4 0 6 173 46.15 13 4 4 5  0  编排 PK ||109 104 刘　刚 忠县石子 12 88 6 0 6 157 46.15 13 6 0 7  0  编排 PK ||110 45 康启宗 台湾 12 85 4 0 7 150 46.15 13 4 4 5  0  编排 PK ||111 74 李兴华 忠县官坝 12 84 4 0 7 164 46.15 13 4 4 5  0  编排 PK ||112 121 谢学权 忠县政府 12 82 5 0 7 168 46.15 13 5 2 6  0  编排 PK ||113 57 许少春 忠县白石 12 82 5 0 7 160 46.15 13 5 2 6  0  编排 PK ||114 109 冉树祥 忠县乌杨 12 81 5 0 6 167 46.15 13 5 2 6  0  编排 PK ||115 113 冉　毅 忠县新生 12 76 6 0 6 158 46.15 13 6 0 7  0  编排  ||116 136 吴　勇 重庆15 12 76 5 0 7 156 46.15 13 5 2 6  0  编排 PK ||117 163 陈世奎 重庆42 12 72 5 0 7 150 46.15 13 5 2 6  0  编排  ||118 58 陈章美 忠县白石 12 66 6 0 7 128 46.15 13 6 0 7  0  编排  ||119 108 向育华 忠县乌杨 11 99 5 0 6 183 42.31 13 5 1 7  0  编排 PK ||120 19 秦　军 重庆90 11 95 4 0 6 178 42.31 13 4 3 6  0  编排 PK ||121 44 冯　涛 四川15 11 91 5 0 7 176 42.31 13 5 1 7  0  编排  ||122 133 余建华 重庆12 11 91 5 0 7 174 42.31 13 5 1 7  0  编排 PK ||123 59 胡中华 忠县白石 11 88 5 0 7 158 42.31 13 5 1 7  0  编排 PK ||124 116 樊胜伟 忠县永丰 11 87 5 0 6 171 42.31 13 5 1 7  0  编排 PK ||125 86 刘春荣 忠县金声 11 82 4 0 6 151 42.31 13 4 3 6  0  编排  ||126 94 杨春荣 忠县汝溪 11 79 5 0 6 163 42.31 13 5 1 7  0  编排  ||127 77 崔　平 忠县花桥 11 79 4 0 6 166 42.31 13 4 3 6  0  编排  ||128 72 周召阳 忠县官坝 11 77 4 0 7 163 42.31 13 4 3 6  0  编排  ||129 55 杨大顺 忠县拔山 11 76 4 0 7 146 42.31 13 4 3 6  0  编排  ||130 92 冉开龙 忠县任家 11 73 5 0 6 150 42.31 13 5 1 7  0  编排  ||131 120 秦大山 忠县政府 11 71 4 0 6 145 42.31 13 4 3 6  0  编排  ||132 65 何兴万 忠县东溪 11 65 4 0 7 155 42.31 13 4 3 6  0  编排 PK ||133 56 廖海波 忠县拔山 11 64 4 0 7 153 42.31 13 4 3 6  0  编排 PK ||134 97 谢必祥 忠县三汇 11 63 5 0 6 134 42.31 13 5 1 7  0  编排 PK ||135 39 冯　飞 四川10 11 57 4 0 7 118 42.31 13 4 3 6  0  编排  ||136 115 冉　平 忠县新生 10 90 5 0 6 175 38.46 13 5 0 8  0  编排 PK ||137 176 刘松林 重庆 10 81 4 0 6 156 38.46 13 4 2 7  0  编排 PK ||138 103 刘洪元 忠县石子 10 80 3 0 6 159 38.46 13 3 4 6  0  编排  ||139 53 毛幼平 忠县拔山 10 78 3 0 6 173 38.46 13 3 4 6  0  编排 PK ||140 137 彭华平 重庆16 10 72 5 0 7 166 38.46 13 5 0 8  0  编排  ||141 80 秦联朴 忠县黄金 10 70 5 0 7 149 38.46 13 5 0 8  0  编排  ||142 21 张早生 湖南1 10 69 3 0 7 143 38.46 13 3 4 6  0  编排  ||143 60 贺世祥 忠县党群 10 69 3 0 6 127 41.67 12 3 4 5  0  编排  ||144 82 蒋明见 忠县金鸡 10 68 4 0 6 147 38.46 13 4 2 7  0  编排  ||145 70 龚家荣 忠县复兴 10 67 4 0 7 138 38.46 13 4 2 7  0  编排  ||146 69 陶永富 忠县复兴 10 66 5 0 7 149 38.46 13 5 0 8  0  编排  ||147 73 谢仁明 忠县官坝 10 64 4 0 7 145 38.46 13 4 2 7  0  编排 PK ||148 98 江　文 忠县三汇 10 62 4 0 7 137 38.46 13 4 2 7  0  编排  ||149 95 陈永平 忠县汝溪 10 61 3 0 7 157 38.46 13 3 4 6  0  编排 PK ||150 62 胡跃能 忠县党群 10 59 3 0 7 146 38.46 13 3 4 6  0  编排  ||151 61 郑建红 忠县党群 10 55 4 0 7 124 38.46 13 4 2 7  0  编排  ||152 9 蒋成军 贵州3 9 69 4 0 6 147 34.62 13 4 1 8  0  编排  ||153 76 张红民 忠县花桥 9 63 3 0 7 141 34.62 13 3 3 7  0  编排  ||154 85 孙善杰 忠县金声 9 63 3 0 6 134 34.62 13 3 3 7  0  编排  ||155 168 刘居兰 重庆47 9 63 3 0 6 133 34.62 13 3 3 7  0  编排 PK ||156 87 朱　江 忠县磨子 9 59 4 0 7 136 34.62 13 4 1 8  0  编排  ||157 118 成守安 忠县永丰 9 55 3 0 7 126 34.62 13 3 3 7  0  编排  ||158 90 成　城 忠县任家 9 54 3 0 7 120 34.62 13 3 3 7  0  编排  ||159 83 吕　波 忠县金鸡 9 52 3 0 7 129 34.62 13 3 3 7  0  编排 PK ||160 84 方　奎 忠县金声 9 52 3 0 6 132 34.62 13 3 3 7  0  编排  ||161 107 周康斌 忠县涂井 8 69 3 0 7 146 30.77 13 3 2 8  0  编排 PK ||162 139 赵　丹 重庆18 8 68 1 0 6 150 30.77 13 1 6 6  0  编排 PK ||163 75 陈永朴 忠县花桥 8 60 4 0 7 139 30.77 13 4 0 9  0  编排 PK ||164 91 任思旬 忠县任家 8 60 3 0 6 139 30.77 13 3 2 8  0  编排  ||165 89 曾启伦 忠县磨子 8 55 2 0 7 146 30.77 13 2 4 7  0  编排  ||166 106 周成琼 忠县涂井 8 50 3 0 7 120 30.77 13 3 2 8  0  编排  ||167 100 方立忠 忠县石黄 8 50 2 0 6 143 30.77 13 2 4 7  0  编排  ||168 117 乐正平 忠县永丰 8 36 4 0 7 111 30.77 13 4 0 9  0  编排  ||169 101 杨义权 忠县石黄 7 53 2 0 7 131 26.92 13 2 3 8  0  编排 PK ||170 99 成天祥 忠县石黄 7 37 2 0 7 117 26.92 13 2 3 8  0  编排  ||171 152 郑世玉 重庆31 6 44 3 0 7 128 23.08 13 3 0 10  0  编排 PK ||172 105 任兴态 忠县涂井 4 22 2 0 7 120 15.38 13 2 0 11  0  编排  ||173 169 明一鸣 重庆48 3 16 1 0 6 98 13.64 11 1 1 9  0  编排  ||174 96 余建祥 忠县三汇 2 18 1 0 6 104 9.09 11 1 0 10  0  编排  ||175 71 刘志成 忠县复兴 0 0 0 0 2 52 0 4 0 0 4  0  编排  ||176 78 刘光明 忠县黄金 0 0 0 0 2 42 0 4 0 0 4  0  编排  ||177 10 肖棹月 重庆2 0 0 0 0 1 12 0 1 0 0 1  0  编排 PK ||178 179 唐　浩 重庆 0 0 0 0 1 9 0 1 0 0 1  0  编排  ||179 185 石教材 湖北6 0 0 0 0 1 8 0 1 0 0 1  0  编排  ||180 180 冉光武 重庆 0 0 0 0 0 11 0 1 0 0 1  0  编排  ||181 189 周　刚 贵州8 0 0 0 0 0 10 0 0 0 0 0  0   PK ||182 184 向友权 湖南 0 0 0 0 0 9 0 1 0 0 1  0  编排  ||183 154 林远玉 重庆33 0 0 0 0 0 2 0 1 0 0 1  0  编排 PK ||184 181 王正木 重庆 0 0 0 0 0 0 0 0 0 0 0  0    ||184 182 米乾君 江西 0 0 0 0 0 0 0 0 0 0 0  0   PK ||184 183 杨正宇 江苏 0 0 0 0 0 0 0 0 0 0 0  0    ||184 186 糜贵伦 贵州5 0 0 0 0 0 0 0 0 0 0 0  0    ||184 187 葛　君 贵州6 0 0 0 0 0 0 0 0 0 0 0  0    ||184 188 王　清 贵州7 0 0 0 0 0 0 0 0 0 0 0  0   PK[/DhtmlXQ_comment0]
[DhtmlXQ_type]实战全局/开局[/DhtmlXQ_type]
[DhtmlXQ_timerule]40分＋5秒[/DhtmlXQ_timerule]
[DhtmlXQ_endtype][/DhtmlXQ_endtype]
[DhtmlXQ_owner][/DhtmlXQ_owner]
[DhtmlXQ_firstnum]0[/DhtmlXQ_firstnum]
[DhtmlXQ_gametype][/DhtmlXQ_gametype]
[DhtmlXQ_generator]www.chasoft.net[/DhtmlXQ_generator]
[DhtmlXQ_gamepreview]887c0b3fb0dc.png[/DhtmlXQ_gamepreview]
[/DhtmlXQ]


