[DhtmlXQ]
[DhtmlXQ_ver]www_vietcotuong_com[/DhtmlXQ_ver]
[DhtmlXQ_init]500,350[/DhtmlXQ_init]
[DhtmlXQ_title]第1轮 第2台 平湖队 朱龙奎 先负 广东乐昌市 朱少钧[/DhtmlXQ_title]
[DhtmlXQ_event]2017年浙江省首届“高琪杯”全国象棋公开赛[/DhtmlXQ_event]
[DhtmlXQ_date]2017年5月28日[/DhtmlXQ_date]
[DhtmlXQ_place]浙江嘉兴市[/DhtmlXQ_place]
[DhtmlXQ_round]第1轮[/DhtmlXQ_round]
[DhtmlXQ_table]第2台[/DhtmlXQ_table]
[DhtmlXQ_red]朱龙奎[/DhtmlXQ_red]
[DhtmlXQ_redteam]平湖队[/DhtmlXQ_redteam]
[DhtmlXQ_redrating][/DhtmlXQ_redrating]
[DhtmlXQ_blacktime][/DhtmlXQ_time]
[DhtmlXQ_black]朱少钧[/DhtmlXQ_black]
[DhtmlXQ_blackteam]广东乐昌市[/DhtmlXQ_blackteam]
[DhtmlXQ_blackrating][/DhtmlXQ_blackrating]
[DhtmlXQ_blacktime][/DhtmlXQ_time]
[DhtmlXQ_result]黑胜[/DhtmlXQ_result]
[DhtmlXQ_open]E11 仙人指路飞相对卒底炮[/DhtmlXQ_open]
[DhtmlXQ_remark][/DhtmlXQ_remark]
[DhtmlXQ_author][/DhtmlXQ_author]
[DhtmlXQ_binit]0919293949596979891777062646668600102030405060708012720323436383[/DhtmlXQ_binit]
[DhtmlXQ_movelist]6665726229477082796780706755102289887074883823247757204238333041554322433343003019276364656474641707646343036303070330330305826339486355093933630535557635386369391969635754633319187655476533345453627253731222271922261815556748573433737433364645413059483676744450413839262939377679485967591516597849487857165679784847576956597818596918196966191566462949475749455758725265474050373142643121413221203041206052516063153563732425737545474447357558485152465675450605644205045040041452501413403013234220232250405657454757474047[/DhtmlXQ_movelist]
[DhtmlXQ_comment0]排名 编号 姓名 单位 总分 对手 胜数 犯规 直胜||1 59 姚洪新 河南 15 92 7 0 0 5 83.33 9 7 1 1  2473  ||2 41 蒋融冰 上海 14 107 5 0 0 5 77.78 9 5 4 0  0  ||3 33 张培俊 杭州 14 105 5 0 0 4 77.78 9 5 4 0  0  ||4 38 孙昕昊 浙江 13 103 6 0 0 4 72.22 9 6 1 2  0  ||5 32 朱龙奎 平湖队 13 96 6 0 0 4 72.22 9 6 1 2  0  ||6 51 朱少钧 广东乐昌市 13 96 5 0 0 4 72.22 9 5 3 1  0  ||7 12 孙思阳 杭州棋类学校 12 100 4 0 0 4 66.67 9 4 4 1  0  ||8 63 华　东 杭州 12 96 6 0 0 4 66.67 9 6 0 3  0  ||9 65 左　治 杭州 12 90 4 0 0 4 66.67 9 4 4 1  0  ||10 62 滕本良 黑龙江 12 88 6 0 0 5 66.67 9 6 0 3  0  ||11 57 时　雄 平湖队 12 87 5 0 0 5 66.67 9 5 2 2  0  ||12 28 蒋　皓 杭州 11 107 5 0 0 5 61.11 9 5 1 3  0  ||13 37 沈志华 吉林 11 89 3 0 0 5 61.11 9 3 5 1  0  ||14 5 王朵朵 浙江 11 81 4 0 0 4 61.11 9 4 3 2  0  ||15 52 张旒十 杭州棋类学校 11 81 3 0 0 4 61.11 9 3 5 1  0  ||16 24 葛志明 浙江 11 80 4 0 0 5 61.11 9 4 3 2  0  ||17 4 杜国杰 海宁队 10 98 5 0 0 4 55.56 9 5 0 4  0  ||18 15 宋昊明 杭州个人 10 95 4 0 0 4 55.56 9 4 2 3  0  ||19 2 王文君 杭州棋类学校 10 92 4 0 0 4 55.56 9 4 2 3  0  ||20 46 陈雅文 湖北 10 92 3 0 0 4 55.56 9 3 4 2  0  ||21 40 郭　平 吴江盛泽 10 91 4 0 0 5 55.56 9 4 2 3  0  ||22 53 万加龙 嘉善队 10 89 2 0 0 4 55.56 9 2 6 1  0  ||23 43 钟　奇 平湖队 10 88 4 0 0 5 55.56 9 4 2 3  0  ||24 17 王　昊 北京 10 82 5 0 0 4 55.56 9 5 0 4  2443  ||25 58 王安奎 海宁队 10 80 3 0 0 5 55.56 9 3 4 2  0  ||26 54 胡元庆 海宁队 10 79 4 0 1 5 55.56 9 4 2 3  0  ||27 3 杜晨昊 杭州棋类学校 10 79 4 0 1 4 55.56 9 4 2 3  0  ||28 36 吴宏明 桐乡队 10 69 2 0 0 4 55.56 9 2 6 1  0  ||29 16 吴智明 个人 9 96 4 0 0 5 50 9 4 1 4  0  ||30 50 任思丞 杭州棋类学校 9 90 3 0 0 5 50 9 3 3 3  0  ||31 44 赵俊诚 杭州棋类学校 9 78 3 0 0 5 50 9 3 3 3  0  ||32 27 韩大荣 海宁队 9 77 3 0 0 5 50 9 3 3 3  0  ||33 35 王　贤 桐乡队 9 76 2 0 0 4 50 9 2 5 2  0  ||34 23 季　洁 个人 9 75 3 0 0 5 50 9 3 3 3  0  ||35 25 沈世巽 白雪棋院钧儒教学点 9 70 3 0 0 4 50 9 3 3 3  0  ||36 60 陈士良 平湖队 8 80 4 0 0 5 44.44 9 4 0 5  0  ||37 45 张志东 海盐队 8 79 2 0 0 5 44.44 9 2 4 3  0  ||38 29 李金星 嘉善队 8 76 3 0 0 5 44.44 9 3 2 4  0  ||39 39 范　荣 嘉善队 8 74 3 0 1 5 44.44 9 3 2 4  0  ||40 22 顾国松 嘉善队 8 74 3 0 2 4 44.44 9 3 2 4  0  ||41 30 卢云其 江苏 8 72 4 0 0 4 44.44 9 4 0 5  0  ||42 20 陈宝忠 嘉善队 8 71 3 0 0 5 44.44 9 3 2 4  0  ||43 14 李晓静 嘉兴 8 63 3 0 0 5 44.44 9 3 2 4  0  ||44 19 熊世华 四川 7 84 3 0 0 5 38.89 9 3 1 5  0  ||45 26 王一飞 海盐队 7 79 2 0 0 4 38.89 9 2 3 4  0  ||46 10 杨林涛 山东 7 75 2 0 0 4 38.89 9 2 3 3  0  ||47 56 马海月 浙江 7 74 3 0 0 4 38.89 9 3 1 4  0  ||48 7 唐建平 嘉善队 7 71 3 0 0 5 38.89 9 3 1 5  0  ||49 9 陈丽媛 杭州棋类学校 7 69 2 0 0 5 38.89 9 2 3 4  0  ||50 1 高家煊 杭州棋院 7 57 3 0 0 5 38.89 9 3 1 5  0  ||51 8 林光杰 平湖队 6 76 3 0 0 4 33.33 9 3 0 6  0  ||52 42 陶伟民 个人 6 72 2 0 0 5 33.33 9 2 2 5  0  ||53 55 林煜翔 辽宁 6 69 3 0 0 4 33.33 9 3 0 6  0  ||54 49 严雪雪 个人 6 66 1 0 0 5 33.33 9 1 4 4  0  ||55 31 董文元 吴江盛泽 6 64 2 0 0 4 33.33 9 2 2 5  0  ||56 11 李　敏 嘉善队 6 61 2 0 0 4 33.33 9 2 2 5  0  ||57 64 戴家超 平湖队 5 69 2 0 0 4 27.78 9 2 1 6  0  ||58 61 李　勇 吴江盛泽 5 62 2 0 0 4 27.78 9 2 1 6  0  ||59 6 沈金明 桐乡队 4 64 2 0 0 4 22.22 9 2 0 7  0  ||60 18 蔡仲雁 嘉善队 3 59 1 0 0 5 16.67 9 1 1 7  0  ||61 21 彭伟东 海盐队 2 40 1 0 0 3 20 5 1 0 4  0  ||62 13 刘小宁 陕西 0 17 0 0 0 1 0 2 0 0 2  0[/DhtmlXQ_comment0]
[DhtmlXQ_comment1]2017年首届“高琪杯”全国象棋公开赛竞赛规程||一、主办单位：中国象棋协会||二、承办单位：浙江省非奥项目运动管理中心||浙江省棋类协会||嘉兴市体育总会||三、执行承办单位：白雪棋院||嘉兴市雪儿文化传播有限公司||四、协办单位：嘉兴市南湖区棋类协会||嘉兴市秀城实验教育集团||嘉兴市求是青少年体育俱乐部||五、竞赛日期：2017年5月27日至5月30日||六、竞赛地点：浙江省嘉兴市阳光大酒店||七、竞赛项目：象棋男子个人、女子个人赛||竞赛组别：公开组（不分男女），14岁、12岁、10岁、8岁组||1. 公开组：2002年以前出生||2. 14岁组：2003年1月1日至2004年12月31日出生||3. 12岁组：2005年1月1日至2006年12月31日出生||4. 10岁组：2007年1月1日至2008年12月31日出生||5. 8岁组：2009年1月1日至20010年12月31日出生||八、竞赛办法：||（一）执行《象棋竞赛规则》（2011）||（二）比赛采用积分编排制（电脑编排）共赛7-9轮，如报名人数不足，则相邻组别合并比赛。||（三）用时：每方基本用时30分钟，每走一步加10秒||（四）名次区分：依次比较积分、对手分、胜局、犯规、直胜、后走局数。如仍无法区分则依次比较前一轮成绩，以此类推，直至区分。||（五）各组报名人数如为单数，可由承办单位补双。||九、参赛资格：身体健康、适宜参加本项运动，报名时未获得国家级运动健将(象棋大师)及以上称号的象棋爱好者均可报名。||十、录取名次和奖励办法(税前)||(一)录取名次：各组冠亚季军颁发奖杯，各组获得男、女前8名(不足30人的组别录取前6名)者，颁发获奖证书。||(二)奖励办法：||1. 公开组奖金：冠军2万元;亚军1万元;季军8000元;四至六名各2000元;七至十二名各1000元。若总人数不足8人，则录取总人数的一半；若总人数不足16人，则录取前六名；若总人数不足32人，则录取前八名。||2. 公开组以外其他各组奖励，冠军2000奖品;亚军1000奖品;季军500奖品; 四至六名各200元奖品;七至十二名各100元奖品。若总人数不足8人，则录取总人数的一半；若总人数不足16人，则录取前六名；若总人数不足32人，则录取前八名。||3. 棋手可根据中国象棋协会颁发的《中国象棋协会棋手技术等级条例》申请相应技术等级。||十一、比赛费用：||为确保赛事顺利进行、确保参赛选手人身安全，外地棋手须入住组委会指定酒店（嘉兴市阳光大酒店，地址：中山东路1628号），本地棋手吃住自愿。||1、报名费：每位棋手需交参赛费200元，用于补充本次比赛场地、裁判及工作人员费用。||2、参赛运动员保险费：每人20元。||（注：为确保参保信息的准确。请认真填写运动员姓名与身份证号码。）||3、食宿费用：1200元 /人（含5月27日晚餐至5月30日午餐）||4、5月20日之后组委会不再接受报名。||十二、参赛费用缴纳方式：||收款银行：中国银行嘉兴分行||收款账号：6217856200004662149||收款人：万利萍||2017年5月20日前，将订房信息发送至邮箱bx@baixueqiyuan.com。汇款后，请发短信至13750758071（沈老师)、13355735510（张老师）组委会确认。报到时，请出示汇款凭据或复印件。（注：未正式发送报名单或已发送报名单尚未汇款的将自动视为无效，不能编入秩序册印刷。汇款后请立刻将报名人姓名、参赛组别和汇款金额短信或发邮告知，以便核对。报名时间段为8：30-5：00）。||报到时需携带汇款凭证。报名队伍如果没有特殊要求的，大会将根据各队汇款时间，依次安排入住酒店。||十三、保险：||为了确保赛事期间安全，所有参赛运动员比赛期间由组委会统一办理人身意外伤害保险。保险费每人20元。||十四、比赛日程：||日 期||上 午||下 午||备 注||5月27日||报到||报到||20:00技术会||5月28日||8:45-9:45开幕式||10:15-11:55第一轮||14:00-15:40第二轮||15:50-17:30第三轮||5月29日||08:30-10:10第四轮||10:15-11:55第五轮||14:00-15:40第六轮||15:50-17:30第七轮||5月30日||08:00-09:40第八轮||09:50-11:30第九轮||12:30颁奖||十五、其他事项：||参赛人员5月27日报到，报到时请注意组委会的补充事项。凡入住酒店人员必须携带身份证或户口本原件办理入住手续。组委会和技术会议定于5月27日晚上20∶00准时召开，请各参赛单位领队教练或家长准时参加。 未尽事宜，另行通知。||十六、本规程解释权属中国象棋协会。未尽事宜，另行通知。[/DhtmlXQ_comment1]
[DhtmlXQ_type]实战全局/开局[/DhtmlXQ_type]
[DhtmlXQ_timerule]30+10[/DhtmlXQ_timerule]
[DhtmlXQ_endtype][/DhtmlXQ_endtype]
[DhtmlXQ_owner][/DhtmlXQ_owner]
[DhtmlXQ_firstnum]0[/DhtmlXQ_firstnum]
[DhtmlXQ_gametype][/DhtmlXQ_gametype]
[DhtmlXQ_generator]www.ccbridge.net[/DhtmlXQ_generator]
[DhtmlXQ_gamepreview]425c7ec76616.png[/DhtmlXQ_gamepreview]
[/DhtmlXQ]


