[DhtmlXQ]
[DhtmlXQ_ver]www_vietcotuong_com[/DhtmlXQ_ver]
[DhtmlXQ_init]500,350[/DhtmlXQ_init]
[DhtmlXQ_title]黑龙江哈尔滨 崔革 胜 宁夏银川 高建华[/DhtmlXQ_title]
[DhtmlXQ_event]2013年乌海市弘业国际棋丰煤业杯象棋邀请赛[/DhtmlXQ_event]
[DhtmlXQ_date]2012-12-31[/DhtmlXQ_date]
[DhtmlXQ_place]乌海市宾馆贵宾楼三楼[/DhtmlXQ_place]
[DhtmlXQ_round]第01轮[/DhtmlXQ_round]
[DhtmlXQ_table]第30台[/DhtmlXQ_table]
[DhtmlXQ_red]崔革[/DhtmlXQ_red]
[DhtmlXQ_redteam]黑龙江哈尔滨[/DhtmlXQ_redteam]
[DhtmlXQ_redrating][/DhtmlXQ_redrating]
[DhtmlXQ_blacktime][/DhtmlXQ_time]
[DhtmlXQ_black]高建华[/DhtmlXQ_black]
[DhtmlXQ_blackteam]宁夏银川[/DhtmlXQ_blackteam]
[DhtmlXQ_blackrating][/DhtmlXQ_blackrating]
[DhtmlXQ_blacktime][/DhtmlXQ_time]
[DhtmlXQ_result]红胜[/DhtmlXQ_result]
[DhtmlXQ_open]C70 五七炮对屏风马进３卒[/DhtmlXQ_open]
[DhtmlXQ_remark][/DhtmlXQ_remark]
[DhtmlXQ_author][/DhtmlXQ_author]
[DhtmlXQ_binit]0919293949596979891777062646668600102030405060708012720323436383[/DhtmlXQ_binit]
[DhtmlXQ_movelist]77477062666523247967102289798070172722347974342674242647294720422423304119386364656442640919003038261252264564422343525743635727455341526362728262522767191170735242[/DhtmlXQ_movelist]
[DhtmlXQ_comment0]2013年乌海市弘业国际棋丰煤业杯象棋邀请赛第11轮后即时排行[仅供参考]排名 编号 姓名 团体 积分 累进分 胜局 出场 胜 和 负 备注 ||官方排名 第10轮排行 本轮对阵 个人第11轮后即时排行 胜率统计 第01轮排行 官方排名 ||1 60 崔革 黑龙江哈尔滨 19 119 9 11 9 1 1 119 ||2 35 童本平 江苏南京 17 113 7 11 7 3 1 113 ||3 4 宿少峰 内蒙古伊泰 17 109 7 11 7 3 1 109 ||4 7 蔚强 内蒙古伊泰 17 101 7 11 7 3 1 101 ||5 52 郝继超 黑龙江哈尔滨 16 101 6 11 6 4 1 101 ||6 15 岳永志 内蒙古呼市 16 94 6 11 6 4 1 94 ||7 85 王军平 内蒙古包头 16 90 7 11 7 2 2 90 ||8 58 侯文博 河北 15 98 6 11 6 3 2 98 ||9 91 李锦林 陕西 15 95 7 11 7 1 3 95 ||10 93 吴安勤 宁夏银川 15 90 6 11 6 3 2 90 ||11 54 高军 内蒙古乌海 15 90 5 11 5 5 1 90 ||12 44 王海鹏 内蒙古乌海市 15 88 6 11 6 3 2 88 ||13 74 梁军 甘肃白银 14 98 6 11 6 2 3 98 ||14 1 周伟 内蒙古巴市 14 88 6 11 6 2 3 88 ||15 37 李富生 内蒙古呼市 14 87 6 11 6 2 3 87 ||16 83 刘利荣 陕西榆林 14 84 7 11 7 0 4 84 ||17 18 秦河 内蒙古巴市 14 83 5 11 5 4 2 83 ||17 98 张彦河 内蒙古鄂市 14 83 5 11 5 4 2 83 ||19 97 富强 内蒙古包头 14 81 6 11 6 2 3 81 ||20 72 刘东 内蒙古巴市 14 80 4 11 4 6 1 80 ||21 68 姚永峰 内蒙古呼市 14 70 6 11 6 2 3 70 ||22 16 邱楚浩 广东潮州 13 94 5 11 5 3 3 94 ||23 14 赵辉 宁夏石嘴山 13 84 6 11 6 1 4 84 ||24 22 李关祺 呼和浩特市象棋协会 13 82 6 11 6 1 4 82 ||25 104 孙亮 河北 13 79 6 11 6 1 4 79 ||26 87 赵志升 内蒙古巴市 13 77 4 11 4 5 2 77 ||27 2 胡军平 内蒙古乌海市 13 75 5 11 5 3 3 75 ||28 80 李贵勇 内蒙古乌海 13 72 6 11 6 1 4 72 ||29 5 胡继平 内蒙古巴市 13 65 5 11 5 3 3 65 ||30 90 任占国 宁夏银川 12 90 5 11 5 2 4 90 ||31 34 王季仲 山西吕梁 12 83 4 11 4 4 3 83 ||31 50 元旦 内蒙古鄂市 12 83 4 11 4 4 3 83 ||33 40 高宝森 宁夏银川 12 82 6 11 6 0 5 82 ||34 47 贾智勇 内蒙古呼市 12 82 5 11 5 2 4 82 ||35 101 阚红奎 内蒙古乌海 12 76 5 11 5 2 4 76 ||36 29 杨贺福 内蒙古鄂市 12 75 5 11 5 2 4 75 ||36 77 包春山 内蒙古呼市 12 75 5 11 5 2 4 75 ||38 61 刘瑞斌 内蒙古呼市 12 74 3 11 3 6 2 74 ||39 36 王贵福 宁夏银川 12 72 5 11 5 2 4 72 ||39 78 李旭全 内蒙古乌兰察布 12 72 5 11 5 2 4 72 ||39 82 刘志强 山西忻州 12 72 5 11 5 2 4 72 ||42 25 石勇 内蒙古乌海市 12 69 5 11 5 2 4 69 ||43 59 高建华 宁夏银川 12 69 4 11 4 4 3 69 ||44 66 吴庆斌 宁夏石嘴山 12 66 5 11 5 2 4 66 ||45 6 杨建喜 内蒙古乌海市 12 64 6 11 6 0 5 64 ||46 99 戎成功 内蒙古鄂市 12 64 5 11 5 2 4 64 ||47 30 邬飞 内蒙古巴市 12 62 4 11 4 4 3 62 ||48 51 米海宾 内蒙古呼市 12 59 5 11 5 2 4 59 ||49 26 赫光磊 黑龙江 11 75 5 11 5 1 5 75 ||50 88 李振光 内蒙古巴市 11 71 5 11 5 1 5 71 ||51 62 田长兴 北京 11 70 4 11 4 3 4 70 ||52 73 邹涛 甘肃白银 11 68 4 11 4 3 4 68 ||53 56 聂大贵 内蒙古乌海 11 63 5 11 5 1 5 63 ||54 21 马军 内蒙古巴市 11 61 4 11 4 3 4 61 ||55 96 黄军 内蒙古乌海 11 60 5 11 5 1 5 60 ||56 79 谢文华 宁夏石嘴山 11 56 4 11 4 3 4 56 ||57 8 薛文卿 内蒙古呼市 11 43 4 11 4 3 4 43 ||58 67 田国平 内蒙古乌海 10 73 3 11 3 4 4 73 ||59 75 薛孝文 内蒙古乌海 10 72 3 11 3 4 4 72 ||60 10 程俊义 内蒙古乌海市 10 70 2 11 2 6 3 70 ||61 31 郭怀雄 内蒙古巴市 10 69 4 11 4 2 5 69 ||62 48 杨旭 内蒙古呼市 10 66 4 11 4 2 5 66 ||63 100 范少锋 内蒙古乌海 10 64 5 11 5 0 6 64 ||64 65 赵勇 内蒙古乌海 10 61 3 11 3 4 4 61 ||65 89 张向东 内蒙古乌海市 10 55 4 11 4 2 5 55 ||66 41 任亮 内蒙古鄂市 10 51 3 11 3 4 4 51 ||67 33 董永虹 内蒙古乌海市 10 50 3 11 3 4 4 50 ||68 64 张水生 内蒙古乌海 10 49 4 11 4 2 5 49 ||69 102 潘睿敏 内蒙古包头 9 62 3 11 3 3 5 62 ||70 3 孟学仁 宁夏银川 9 61 4 11 4 1 6 61 ||71 24 赵富云 内蒙古乌海市 9 61 3 11 3 3 5 61 ||71 86 刘金生 内蒙古鄂市 9 61 3 11 3 3 5 61 ||73 27 郜建强 内蒙古巴市 9 57 2 11 2 5 4 57 ||74 19 秦乐民 内蒙古鄂市 9 53 3 11 3 3 5 53 ||74 69 侯家新 内蒙古乌海 9 53 3 11 3 3 5 53 ||76 45 郭怀伟 内蒙古巴市 9 51 3 11 3 3 5 51 ||77 43 孟祯 内蒙古乌海市 9 50 4 11 4 1 6 50 ||77 46 杨百万 内蒙古乌海市 9 50 4 11 4 1 6 50 ||79 84 王久芝 甘肃 9 49 3 11 3 3 5 49 ||80 32 高赫 内蒙古巴市 9 49 2 11 2 5 4 49 ||81 42 石建雄 内蒙古鄂市 9 47 4 11 4 1 6 47 ||82 9 陈银楼 宁夏石嘴山 9 42 4 11 4 1 6 42 ||83 71 武文慧 内蒙古伊泰 9 42 3 11 3 3 5 42 ||84 53 蔡海杭 宁夏银川 9 31 3 11 3 3 5 31 ||85 55 张欣荣 内蒙古乌海 8 58 2 11 2 4 5 58 ||86 49 王忠胜 内蒙古鄂市 8 57 3 11 3 2 6 57 ||87 17 李海龙 内蒙古乌海市 8 45 3 11 3 2 6 45 ||87 70 刘占山 宁夏石嘴山 8 45 3 11 3 2 6 45 ||89 95 郭俊宏 内蒙古乌海 8 39 2 11 2 4 5 39 ||90 103 王国伟 陕西 7 66 3 11 3 1 7 66 ||91 28 王和平 内蒙古巴市 7 51 2 11 2 3 6 51 ||92 12 杨青 内蒙古乌海市 7 50 3 11 3 1 7 50 ||93 92 孙洪山 内蒙古乌海 7 41 2 11 2 3 6 41 ||94 23 李厚读 宁夏石嘴山 7 36 2 11 2 3 6 36 ||95 11 王建召 山西忻州 7 35 3 11 3 1 7 35 ||96 81 王永富 内蒙古乌海 7 31 3 11 3 1 7 31 ||97 63 李宪平 内蒙古乌海 5 44 2 11 2 1 7 44 ||98 94 张筱迪 宁夏银川 5 30 1 11 1 3 7 30 ||99 20 苗树军 宁夏青铜峡 5 16 2 4 2 1 1 51 ||100 57 任利钢 内蒙古巴市 4 34 2 11 2 0 8 34 ||101 38 孙海涛 内蒙古乌兰察布市 2 18 1 11 1 0 8 18 ||102 13 张占州 内蒙古乌海市 2 6 1 6 1 0 5 16 ||103 39 庄艳忠 福建福州 0 0 0 4 0 0 4 0 ||103 76 杜勇 内蒙古乌海 0 0 0 6 0 0 6 0[/DhtmlXQ_comment0]
[DhtmlXQ_type]实战全局/开局[/DhtmlXQ_type]
[DhtmlXQ_timerule]40分＋15秒[/DhtmlXQ_timerule]
[DhtmlXQ_endtype][/DhtmlXQ_endtype]
[DhtmlXQ_owner][/DhtmlXQ_owner]
[DhtmlXQ_firstnum]0[/DhtmlXQ_firstnum]
[DhtmlXQ_gametype]慢棋[/DhtmlXQ_gametype]
[DhtmlXQ_generator]www.ccbridge.net[/DhtmlXQ_generator]
[DhtmlXQ_gamepreview]3ae76d046ad6.png[/DhtmlXQ_gamepreview]
[/DhtmlXQ]


