[DhtmlXQ]
[DhtmlXQ_ver]www_vietcotuong_com[/DhtmlXQ_ver]
[DhtmlXQ_init]500,350[/DhtmlXQ_init]
[DhtmlXQ_title]第04轮-第3台汕头-林武毅-胜-梅州-陈纪清[/DhtmlXQ_title]
[DhtmlXQ_event]2013年6月广东省汕头市“潮汕杯”象棋个人赛(24)[/DhtmlXQ_event]
[DhtmlXQ_date]2013-06-16[/DhtmlXQ_date]
[DhtmlXQ_place]广东省汕头市[/DhtmlXQ_place]
[DhtmlXQ_round][/DhtmlXQ_round]
[DhtmlXQ_table][/DhtmlXQ_table]
[DhtmlXQ_red]林武毅[/DhtmlXQ_red]
[DhtmlXQ_redteam][/DhtmlXQ_redteam]
[DhtmlXQ_redrating][/DhtmlXQ_redrating]
[DhtmlXQ_blacktime][/DhtmlXQ_time]
[DhtmlXQ_black]陈纪清[/DhtmlXQ_black]
[DhtmlXQ_blackteam][/DhtmlXQ_blackteam]
[DhtmlXQ_blackrating][/DhtmlXQ_blackrating]
[DhtmlXQ_blacktime][/DhtmlXQ_time]
[DhtmlXQ_result]红胜[/DhtmlXQ_result]
[DhtmlXQ_open]B05 中炮对进左马[/DhtmlXQ_open]
[DhtmlXQ_remark][/DhtmlXQ_remark]
[DhtmlXQ_author]风雪不归路[/DhtmlXQ_author]
[DhtmlXQ_binit]0919293949596979891777062646668600102030405060708012720323436383[/DhtmlXQ_binit]
[DhtmlXQ_movelist]774770627967807089791002797363641927000117070151091912327363516147436243636150411915604261637277634377276665646515652717070370744373740473704150038304848343304165614030614142607060845443733262677562426947[/DhtmlXQ_movelist]
[DhtmlXQ_comment0]2013年“潮汕杯”象棋个人赛竞赛规程|||| ||||一、主办单位：汕头市象棋协会||||二、参赛资格：18岁(含)以上、身体健康的象棋爱好者均可报名，18岁以下棋手需获得过地级市赛前三名或省赛前八名（市赛、省赛均包含少儿组）。||||三、比赛时间：6月15日、16日、22日、23日每晚7：30至10：30||||四、比赛地点：广东省汕头市丰泽庄新世纪花园A幢201协会会所。||||五、比赛办法：||||1、规则：采用中国象棋协会审定的《象棋竞赛规则》2011（试行）||||2、赛制：采用7轮积分循环编排制。||||3、时限：每方40分钟包干。第四轮起前五台须记谱，每方45分钟包干，其它台次40分钟包干。||||4、自然限着：采用40回合自然限着，单方“将军”次数最多只计8步。||||5、计分方法：每局胜得2分，和各得1分，负得0分。积分高者名次列前，积分相同则依次比较对手分、胜局、犯规、后走局数、累进分、上轮名次。如名次仍无法区分，涉及前三名名次的，加赛5分钟快棋直至分出胜负，其它名次则抽签确定。||||六、报名办法：||||1、报名地点：汕头市长平路55号长平大厦4楼汕头棋院，||||联系人：邱威明  联系电话：13670463191 ||||林  峰  联系电话：13556338506||||2、报名时需交报名费100元，拟报60名。||||3、截止报名时间为6月10日。||||七、名次录取与奖励办法：||||录取前十二名，前三名奖杯各一座。||||前十二名奖金：第一名2500元、第二名1500元、第三名1200元、第四名1000元、第五名800元、第六名600元、七至八名各400元，九至十二名各200元。||||八、未尽事宜，另发补充通知。|||| |||| ||||||||||汕头市象棋协会||||2013年5月[/DhtmlXQ_comment0]
[DhtmlXQ_comment1]1 50 林武毅 汕头 13 61 6 0 4 49 92.86 7 6 1 0  0  编排 PK ||2 69 林创强 揭阳 12 61 6 0 4 52 85.71 7 6 0 1  0  编排 PK ||3 5 蔡长彬 饶平 11 66 5 0 4 45 78.57 7 5 1 1  0  编排 PK ||4 47 叶亿文 汕头 11 66 5 0 3 47 78.57 7 5 1 1  0  编排 PK ||5 27 陈树雄 汕头 11 62 4 0 3 44 78.57 7 4 3 0  0  编排 PK ||6 43 郭予谋 潮阳 10 62 4 0 3 44 71.43 7 4 2 1  0  编排 PK ||7 26 陈日青 澄海 10 61 4 0 3 47 71.43 7 4 2 1  0  编排 PK ||8 20 黄庆绵 揭阳 10 60 5 0 3 38 71.43 7 5 0 2  0  编排 PK ||9 44 黄　波 梅州 10 56 5 0 3 40 71.43 7 5 0 2  0  编排 PK ||10 29 李少毅 汕头 10 54 5 0 3 42 71.43 7 5 0 2  0  编排 PK ||11 38 李　林 澄海 10 51 4 0 3 41 71.43 7 4 2 1  0  编排 PK ||12 57 张汉斌 汕头 10 50 5 0 3 40 71.43 7 5 0 2  0  编排 PK ||13 39 吴　填 陆丰 9 68 3 0 4 43 64.29 7 3 3 1  0  编排 PK ||14 2 林卓昭 潮州 9 61 4 0 3 37 64.29 7 4 1 2  0  编排 PK ||15 51 胡永辉 福建 9 57 4 0 3 39 64.29 7 4 1 2  0  编排 PK ||16 10 钟应强 梅州 9 56 3 0 3 34 64.29 7 3 3 1  0  编排 PK ||17 60 陈纪清 梅州 9 53 4 0 3 39 64.29 7 4 1 2  0  编排 PK ||18 14 郑利清 潮州 9 50 3 0 4 32 64.29 7 3 3 1  0  编排 PK ||19 56 周彩强 汕头 9 49 4 0 3 29 64.29 7 4 1 2  0  编排 PK ||20 8 朱毓荃 汕头 9 48 4 0 4 34 64.29 7 4 1 2  0  编排 PK ||21 23 姚维忠 澄海 8 62 4 0 4 40 57.14 7 4 0 3  0  编排 PK ||22 19 蔡文德 汕头 8 61 3 0 4 37 57.14 7 3 2 2  0  编排 PK ||23 7 郑梓锴 汕头 8 52 4 0 4 30 57.14 7 4 0 3  0  编排 PK ||23 49 詹勋楷 潮阳 8 52 4 0 4 30 57.14 7 4 0 3  0  编排 PK ||25 1 陈华歆 澄海 8 49 4 0 3 30 57.14 7 4 0 3  0  编排 PK ||26 52 林民立 汕头 8 48 4 0 3 30 57.14 7 4 0 3  0  编排 PK ||27 41 许少忠 潮阳 8 46 4 0 3 26 57.14 7 4 0 3  0  编排 PK ||28 58 余烨轩 汕头 8 45 4 0 4 30 57.14 7 4 0 3  0  编排 PK ||29 4 黄泽晖 汕头 8 45 3 0 3 25 57.14 7 3 2 2  0  编排 PK ||30 13 李戴锋 汕头 8 42 3 0 4 29 57.14 7 3 2 2  0  编排 PK ||31 40 吴克良 汕头 8 40 4 0 4 30 57.14 7 4 0 3  0  编排 PK ||32 36 黄长青 潮阳 7 63 3 0 3 34 50 7 3 1 3  0  编排 PK ||33 70 李文生 饶平 7 53 3 0 3 23 50 7 3 1 3  0  编排 PK ||34 28 陈道泉 梅州 7 51 3 0 4 32 50 7 3 1 3  0  编排 PK ||35 61 黄　喆 揭阳 7 51 2 0 4 27 50 7 2 3 2  0  编排 PK ||36 63 谭振顺 汕头 7 50 3 0 4 35 50 7 3 1 3  0  编排 PK ||37 25 蔡一涵 汕头 7 50 3 0 4 32 50 7 3 1 3  0  编排 PK ||38 22 姚广荣 汕头 7 49 2 0 3 23 50 7 2 3 2  0  编排 PK ||39 6 许振群 汕头 7 44 3 0 3 27 50 7 3 1 3  0  编排 PK ||40 9 曾宪泽 汕头 6 52 3 0 4 24 42.86 7 3 0 4  0  编排 PK ||41 3 曾小平 梅州 6 52 3 0 3 30 42.86 7 3 0 4  0  编排 PK ||42 42 田海鹰 汕头 6 51 3 0 4 30 42.86 7 3 0 4  0  编排 PK ||43 55 马昊翔 汕头 6 49 3 0 4 30 42.86 7 3 0 4  0  编排 PK ||44 30 韩昂腾 汕头 6 48 3 0 3 26 42.86 7 3 0 4  0  编排 PK ||45 46 陈显斐 汕头 6 47 3 0 4 24 42.86 7 3 0 4  0  编排 PK ||46 17 许思灿 汕头 6 47 3 0 4 22 42.86 7 3 0 4  0  编排 PK ||47 45 吴　严 潮州 6 46 3 0 4 22 42.86 7 3 0 4  0  编排 PK ||48 31 朱　荃 汕头 6 44 3 0 4 18 42.86 7 3 0 4  0  编排 PK ||49 64 朱奕弛 汕头 6 44 3 0 3 22 42.86 7 3 0 4  0  编排 PK ||50 21 李哿涵 汕头 6 43 3 0 3 22 42.86 7 3 0 4  0  编排 PK ||51 65 李哲欣 汕头 6 42 2 0 4 23 42.86 7 2 2 3  0  编排 PK ||52 15 林少民 汕头 6 34 3 0 3 18 42.86 7 3 0 4  0  编排 PK ||53 37 方景其 汕头 6 33 3 0 3 12 42.86 7 3 0 4  0  编排 PK ||54 12 吕奕武 潮阳 5 50 2 0 3 26 35.71 7 2 1 4  0  编排 PK ||55 48 陈少群 澄海 5 49 2 0 4 27 35.71 7 2 1 4  0  编排 PK ||56 62 郭景豪 汕头 5 43 1 0 4 22 35.71 7 1 3 3  0  编排 PK ||57 33 郑志炜 潮阳 4 46 2 0 4 22 28.57 7 2 0 5  0  编排 PK ||58 16 蔡声钊 澄海 4 44 2 0 4 14 28.57 7 2 0 5  0  编排 PK ||59 54 林惜明 潮阳 4 42 2 0 4 18 28.57 7 2 0 5  0  编排 PK ||60 68 李仕源 汕头 4 40 1 0 3 17 28.57 7 1 2 4  0  编排 PK ||61 35 徐杨镇桦 汕头 4 39 2 0 4 14 28.57 7 2 0 5  0  编排 PK ||62 53 郑　重 汕头 4 39 2 0 4 6 28.57 7 2 0 5  0  编排 PK ||63 59 吴鉴峰 汕头 4 38 2 0 4 10 28.57 7 2 0 5  0  编排 PK ||64 34 陈　仪 汕头 4 34 2 0 4 12 28.57 7 2 0 5  0  编排 PK ||65 11 李治平 揭阳 4 32 2 0 3 14 28.57 7 2 0 5  0  编排 PK ||66 67 吴隆伟 潮阳 3 44 1 0 3 19 21.43 7 1 1 5  0  编排 PK ||67 66 林秋光 潮阳 2 44 1 0 4 14 14.29 7 1 0 6  0  编排 PK ||68 32 李学忠 潮阳 2 33 1 0 2 8 16.67 6 1 0 5  0  编排 PK ||69 24 吴欢倩 汕头 2 31 1 0 3 6 14.29 7 1 0 6  0  编排 PK ||70 18 陈韵佳 汕头 0 29 0 0 3 0 0 6 0 0 6  0  编排 PK[/DhtmlXQ_comment1]
[DhtmlXQ_type]实战全局/开局[/DhtmlXQ_type]
[DhtmlXQ_timerule][/DhtmlXQ_timerule]
[DhtmlXQ_endtype][/DhtmlXQ_endtype]
[DhtmlXQ_owner]风雪不归路[/DhtmlXQ_owner]
[DhtmlXQ_firstnum]0[/DhtmlXQ_firstnum]
[DhtmlXQ_gametype][/DhtmlXQ_gametype]
[DhtmlXQ_generator]www.chasoft.net[/DhtmlXQ_generator]
[DhtmlXQ_gamepreview]a691d632b9aa.png[/DhtmlXQ_gamepreview]
[/DhtmlXQ]


