[DhtmlXQ]
[DhtmlXQ_ver]www_vietcotuong_com[/DhtmlXQ_ver]
[DhtmlXQ_init]500,350[/DhtmlXQ_init]
[DhtmlXQ_title]第01轮-黎德志-先胜-罗路田[/DhtmlXQ_title]
[DhtmlXQ_event]2016年广东省东莞市凤岗镇第一季度象棋公开赛[/DhtmlXQ_event]
[DhtmlXQ_date]2016年03月25日[/DhtmlXQ_date]
[DhtmlXQ_place]凤岗镇体育馆[/DhtmlXQ_place]
[DhtmlXQ_round][/DhtmlXQ_round]
[DhtmlXQ_table][/DhtmlXQ_table]
[DhtmlXQ_red]黎德志	[/DhtmlXQ_red]
[DhtmlXQ_redteam][/DhtmlXQ_redteam]
[DhtmlXQ_redrating][/DhtmlXQ_redrating]
[DhtmlXQ_blacktime][/DhtmlXQ_time]
[DhtmlXQ_black]罗路田[/DhtmlXQ_black]
[DhtmlXQ_blackteam][/DhtmlXQ_blackteam]
[DhtmlXQ_blackrating][/DhtmlXQ_blackrating]
[DhtmlXQ_blacktime][/DhtmlXQ_time]
[DhtmlXQ_result]红胜[/DhtmlXQ_result]
[DhtmlXQ_open]C36 中炮过河车互进七兵对屏风马左马盘河[/DhtmlXQ_open]
[DhtmlXQ_remark][/DhtmlXQ_remark]
[DhtmlXQ_author][/DhtmlXQ_author]
[DhtmlXQ_binit]0919293949596979891777062646668600102030405060708012720323436383[/DhtmlXQ_binit]
[DhtmlXQ_movelist]77477062796780708979636479731022262562541927646573535466536360826365706065608260474800014868121627156042294701510908726208386267176751576866166667875756464566063832220115235626394826164939504132314260878301133111163639491325111536868373867673837686837325462335030435436042436246271525270873430816624186264162426025260626454426224454162849392232434604055453283648373624394932356243[/DhtmlXQ_movelist]
[DhtmlXQ_comment0]					||最后名次					||名次	姓名	积分	对手分	累进分	赢棋数||1	黎德志 (17)	9	79.5	56.5	8||2	刘云达 (77)	9	73	52	7||3	黄光颖 (41)	8.5	79.5	54	6||4	李锦雄 (105)	8.5	71	48	7||5	黄仕清 (37)	8	75.5	53.5	7||6	彭勇 (74)	7.5	77	48.5	7||7	谢文涛 (71)	7.5	73.5	50	4||8	赵汝权 (97)	7.5	73.5	48.5	5||9	龙龚 (99)	7.5	73.5	48	5||10	黄文俊 (19)	7.5	73.5	47	6||11	张海利 (83)	7.5	72.5	50.5	6||12	张梓恒 (52)	7.5	71.5	47.5	7||13	罗远正 (59)	7.5	70.5	45	6||14	梅晓辉 (111)	7.5	67.5	42.5	6||15	黄长青 (40)	7.5	66.5	41.5	7||16	黄文伟 (96)	7.5	59.5	37.5	7||17	周新平 (42)	7	73.5	49.5	6||18	梁运龙 (2)	7	73	50	5||19	吴逢山 (64)	7	71	44.5	5||20	李禹 (39)	7	70.5	44	6||21	袁瑚泽 (45)	7	70.5	43.5	5||22	方招圣 (72)	7	68.5	45	5||23	何嘉诚 (53)	7	67	41	7||24	朱斌 (7)	7	66	41	6||25	程宇东 (25)	6.5	73	46	5||26	陈羿天 (63)	6.5	72	44.5	5||27	李小刚 (107)	6.5	70	45.5	6||28	王文志 (68)	6.5	70	43	6||29	郭志军 (82)	6.5	68	42	5||30	周童 (115)	6.5	66	42	5||31	谭琳琳 (28)	6.5	65	42	6||32	高铭键 (3)	6.5	64	39	5||33	刘海峰 (44)	6.5	63.5	32.5	6||34	于维峰 (79)	6.5	61.5	39	4||35	李春建 (85)	6.5	60.5	32	5||36	陈文林 (33)	6.5	59.5	40	6||37	郑文晖 (29)	6.5	56	32.5	5||38	谭永超 (46)	6	67	35	4||39	陈旭升 (26)	6	65	36	6||40	王发庚 (32)	6	64	39	6||41	邹盛超 (66)	6	64	35.5	5||42	王景升 (103)	6	62.5	36	6||43	王宝贤 (95)	6	60.5	34	3||44	列赐达 (15)	6	60	34	6||45	陈卫民 (80)	6	59.5	29	6||46	黄耀东 (18)	6	59	32	3||47	牛润生 (86)	6	56.5	32.5	5||48	许晓文 (56)	6	54.5	31	5||49	莫伟明 (54)	5.5	73.5	40	5||50	林川博 (30)	5.5	70	37	5||51	罗路田 (76)	5.5	69.5	37	4||52	杨停停 (69)	5.5	65.5	41.5	5||53	叶生洪 (21)	5.5	65.5	34.5	4||54	李赞安 (88)	5.5	64	32.5	3||55	梁敏峰 (48)	5.5	63.5	35	4||56	时凤兰 (36)	5.5	62.5	32	2||57	李越川 (84)	5.5	62	31.5	4||58	覃学林 (100)	5.5	60	31	4||59	赵正 (116)	5.5	59.5	37.5	5||60	吴彭生 (16)	5.5	58.5	32.5	3||61	陈明昌 (87)	5.5	58	29.5	4||62	刘小敏 (73)	5.5	56	33.5	5||63	孔磊 (81)	5.5	56	27	4||64	黄逸超 (57)	5.5	55.5	28.5	5||65	崔岭 (35)	5.5	55	34.5	3||66	黄雨观 (62)	5.5	55	33.5	5||67	邓振东 (34)	5.5	55	27	4||68	吴永生 (92)	5.5	52.5	29	3||69	吴黎永 (109)	5.5	52.5	26	4||70	刘险峰 (108)	5.5	48.5	21.5	4||71	刘烈进 (51)	5	66	38	5||72	骆锋 (47)	5	64	32.5	4||73	余洪波 (4)	5	63.5	32.5	4||74	欧阳洪彬 (50)	5	62	31.5	4||75	何耿丹 (58)	5	61	33.5	2||76	罗祥旗 (49)	5	59	34	5||77	郑松辉 (31)	5	56	28.5	3||78	林飞虎 (94)	5	56	27.5	4||79	周伟明 (22)	5	56	27	3||80	徐勤华 (106)	5	55	33	3||81	汪兴平 (118)	5	51.5	20.5	4||82	萧锦华 (89)	5	51	27.5	4||83	李剑彪 (78)	5	51	26	5||84	莫照宾 (61)	5	48	23	5||85	李卓豪 (90)	4.5	64	33	3||86	翁楚光 (91)	4.5	57	24.5	3||87	郭一泽 (13)	4.5	55	23.5	4||88	曾俊威 (9)	4.5	53	21.5	3||89	胡唯有 (113)	4.5	52	21	4||90	郑云学 (5)	4.5	52	19.5	3||91	李伊保 (104)	4.5	52	18.5	4||92	陈东升 (65)	4.5	51	27	4||93	罗开伟 (117)	4.5	49.5	25.5	3||94	林煜佳 (12)	4.5	44.5	16.5	3||95	黄达 (60)	4	60	29	3||96	万家豪 (20)	4	60	27.5	3||97	赵金华 (14)	4	59.5	33.5	3||98	沈卫国 (55)	4	58	29	3||99	胡焕志 (24)	4	57.5	27	3||100	吴建平 (102)	4	53.5	22	2||101	郭锦辉 (27)	4	52.5	23.5	3||102	石珺 (114)	4	51	20.5	3||103	张飞 (67)	4	50	25	4||104	吴洪斌 (43)	4	44.5	20.5	2||105	邹卫勋 (38)	3.5	63.5	30.5	3||106	谢福林 (98)	3.5	55.5	23.5	3||107	秦超 (23)	3.5	47.5	15	3||108	林海景 (112)	3.5	46.5	19.5	3||109	陈婉欣 (1)	3.5	41	14.5	3||110	程琨 (75)	3	52	25.5	2||111	欧志强 (93)	3	52	22	2||112	郑雅琪 (8)	3	46	16	2||113	刘堃 (11)	3	39	7	3||114	邓方明 (70)	2.5	54.5	25	2||115	邓博元 (10)	2.5	48.5	15	1||116	李建成 (101)	2	48.5	15	2||117	蓝政鸿 (110)	1.5	47.5	13.5	1||118	李庆和 (6)	1	41.5	11	1[/DhtmlXQ_comment0]
[DhtmlXQ_comment1]2016年东莞市凤岗镇第一季度象棋公开赛规程（3月25日-27日） ||||  一主办单位；东莞市凤岗镇人民政府|||| 承办单位：东莞市凤岗镇宣教文体局||||协办单位：东莞市凤岗镇象棋协会||||二、比赛时间、地点：||||时间：2016年3月25日晚—27日下午五点||||地点：东莞市凤岗镇体育馆。||||三、比赛项目：象棋个人赛||||四、报名条件：||||1、凡象棋爱好者，只要身心健康，遵守本赛会竞赛规则的均可报名参加，报名费每人50元，保证金100元（大師免交报名费，保证金全程参赛后退还）。||||2．报名信息要写上籍贯（省份）、姓名。即：姓名+省份（广东省棋手填上市）||||3、报名联系电话：17722382219高老师（可发信息或跟贴报名，报名费和押金可在报到时现场交付）||||五、报名时间：即日起至 2016年3月20日前截止报名。||||六、竞赛规则：||||1、采取中亚结合棋规，具体见补充细则。||||2、自然限着40回合，将军不计步数.||||3、比赛采用11轮电脑积分编排制||||4、用时：基本用时35分钟每步加5秒。||||5、个人成绩按以下顺序：积分、对手分、累进分、胜局、上轮名次。||||6、赛场纪律：1 赛场内禁止吸烟　2 服从裁判　 3 关闭手机　4发现用无线电\智能手机\平板电脑等电子设备作弊者,网上通报，永远取消凤岗季度赛参赛资格。||||七、录取名次与奖励：||||  个人奖励前二十名：第一名：3800元、第二名：2000元、第三名：1200元、第四名：1000元、第五名：800元、第六名700元，第七至十名各500元、第十一至二十名：300元。|||| ||||八、比赛安排时间：||||报到时间：3月25日下午6:30点前 .地点：杨官璘象棋馆（没报到者不编排比赛，赶不及的棋友可让人代交费报到）||||3月25日晚上  第1轮  19:30        第2轮：21:20||||3月26日上午  第3轮   8:30          第4轮：10:30  || ||||                 下午  第5轮   14:00    第6轮： 16:00||||                  晚上  第7轮  19:30    ||||    3月27日上午  第8轮   8:30        第9轮：10:30||||                  下午 第10轮 13：30  第11轮：15：20||||||||||    17：20  发奖||||                 |||| || || ||[/DhtmlXQ_comment1]
[DhtmlXQ_type]实战全局/开局[/DhtmlXQ_type]
[DhtmlXQ_timerule]35﹢5[/DhtmlXQ_timerule]
[DhtmlXQ_endtype][/DhtmlXQ_endtype]
[DhtmlXQ_owner][/DhtmlXQ_owner]
[DhtmlXQ_firstnum]0[/DhtmlXQ_firstnum]
[DhtmlXQ_gametype][/DhtmlXQ_gametype]
[DhtmlXQ_generator]www.chasoft.net[/DhtmlXQ_generator]
[DhtmlXQ_gamepreview]a7847948a83c.png[/DhtmlXQ_gamepreview]
[/DhtmlXQ]


