[DhtmlXQ]
[DhtmlXQ_ver]www_vietcotuong_com[/DhtmlXQ_ver]
[DhtmlXQ_init]500,350[/DhtmlXQ_init]
[DhtmlXQ_title]刘宗泽先和孙勇宏[/DhtmlXQ_title]
[DhtmlXQ_event]中国·清水年“天麟集团·轩辕杯”全国象棋公开赛[/DhtmlXQ_event]
[DhtmlXQ_date]--[/DhtmlXQ_date]
[DhtmlXQ_place]清水温泉职工培训中心[/DhtmlXQ_place]
[DhtmlXQ_round]第轮次[/DhtmlXQ_round]
[DhtmlXQ_table][/DhtmlXQ_table]
[DhtmlXQ_red]刘宗泽[/DhtmlXQ_red]
[DhtmlXQ_redteam][/DhtmlXQ_redteam]
[DhtmlXQ_redrating][/DhtmlXQ_redrating]
[DhtmlXQ_blacktime][/DhtmlXQ_time]
[DhtmlXQ_black]孙勇宏[/DhtmlXQ_black]
[DhtmlXQ_blackteam][/DhtmlXQ_blackteam]
[DhtmlXQ_blackrating][/DhtmlXQ_blackrating]
[DhtmlXQ_blacktime][/DhtmlXQ_time]
[DhtmlXQ_result]和局[/DhtmlXQ_result]
[DhtmlXQ_open]A28 飞相转屏风马对左中炮[/DhtmlXQ_open]
[DhtmlXQ_remark][/DhtmlXQ_remark]
[DhtmlXQ_author]南志刚[/DhtmlXQ_author]
[DhtmlXQ_binit]0919293949596979891777062646668600102030405060708012720323436383[/DhtmlXQ_binit]
[DhtmlXQ_movelist]694772427967636489797062192710021707122209198070777300101910021073237079232030416779625426252227202754462726462579582506070310220323061426221422238322345877345566656465776542125948403083855536483743448575[/DhtmlXQ_movelist]
[DhtmlXQ_comment0]官方排名 第12轮排行 本轮对阵 个人第13轮后即时排行 胜率统计 第01轮排行 官方排名||1	7	申鹏	河北邯郸光普集团	24	230	11	0	6	0		13	||2	11	李冠男	甘肃天麟集团一队	22	217	10	0	6	0		13	||3	17	连泽特	新疆石油代表队	21	215	9	0	6	0		13	||4	156	田新生	甘肃嘉峪关	19	210	8	0	7	0		13	||5	21	姜海涛	湖南邵阳代表队	19	209	9	0	6	0		13	||6	18	张欣	新疆石油代表队	19	202	7	0	7	0		13	||7	93	姚洪新	清水航鑫建材队	18	224	8	0	7	0		13	||8	94	刘宗泽	清水航鑫建材队	18	198	6	0	7	0		13	||9	178	陆宏伟	浙江省	18	195	7	0	6	0		13	||10	82	梁军	清水煜兴代表队	18	191	7	0	6	0		13	||11	2	陈柳刚	贵州山水田园公司	17	225	7	0	6	0		13	||12	9	刘俊达	甘肃天麟集团一队	17	224	8	0	6	0		13	||13	15	任仲敏	甘肃天麟集团二队	17	208	8	0	6	0		13	||14	41	梁辉远	山东德州棋牌协会	17	204	7	0	6	0		13	||15	55	马天祥	武山洛门代表队	17	203	6	0	6	0		13	||16	19	金华	新疆石油代表队	17	201	5	0	6	0		13	||17	12	孙思阳	甘肃天麟集团一队	17	199	7	0	7	0		13	||18	64	成立明	兰州志成阳光队	17	199	7	0	6	0		13	||19	13	刘玉武	甘肃天麟集团二队	17	197	6	0	6	0		13	||20	43	毋君临	山东德州棋牌协会	17	194	7	0	6	0		13	||21	35	牛志峰	宁夏吴忠队	17	190	7	0	6	0		13	||22	96	高飞	清水航鑫建材队	17	190	6	0	6	0		13	||23	24	杨海江	湖南邵阳代表队	17	189	7	0	7	0		13	||24	95	李小龙	清水航鑫建材队	17	186	4	0	6	0		13	||25	62	何刚	兰州志成阳光队	17	181	7	0	7	0		13	||26	20	王建峰	新疆石油代表队	17	174	7	0	6	0		13	||27	122	杜曜臣	天水丁煜棋社	17	169	8	0	6	0		13	||28	22	谢叶卿	湖南邵阳代表队	16	214	6	0	6	0		13	||29	124	贺岁学	弈术人生	16	209	6	0	6	0		13	||30	3	曾军	贵州山水田园公司	16	204	6	0	6	0		13	||31	14	张尕军	甘肃天麟集团二队	16	199	6	0	7	0		13	||32	63	陶世全	兰州志成阳光队	16	199	6	0	6	0		13	||33	81	李家华	清水煜兴代表队	16	199	4	0	6	0		13	||34	136	宋浩宇	甘肃兰州	16	193	6	0	6	0		13	||35	42	刘建政	山东德州棋牌协会	16	192	6	0	7	0		13	||36	83	焦明理	清水煜兴代表队	16	191	5	0	6	0		13	||37	78	张家升	平凉市代表队	16	190	8	0	7	0		13	||38	39	贾智勇	宁夏九天棋院	16	190	6	0	6	0		13	||39	16	郑欣	甘肃天麟集团二队	16	189	6	1	7	0		13	||40	23	付卓	湖南邵阳代表队	16	189	6	1	6	0		13	||41	10	幺毅	甘肃天麟集团一队	16	186	8	0	7	0		13	||42	61	王维杰	兰州志成阳光队	16	185	5	0	6	0		13	||43	37	何勇	宁夏九天棋院	16	181	5	0	6	0		13	||44	40	赵辉	宁夏九天棋院	16	175	7	0	6	0		13	||45	159	李明超	河南省	16	174	7	0	6	0		13	||46	180	黄双玄	陕西	16	170	5	0	6	0		13	||47	44	孙勇宏	山东德州棋牌协会	15	203	5	0	6	0		13	||48	4	严勇	贵州山水田园公司	15	197	6	0	7	0		13	||49	27	郭林忠	宁夏象棋协会	15	197	5	0	6	0		13	||50	84	梁富春	清水煜兴代表队	15	196	6	0	7	0		13	||51	126	孙根成	弈术人生	15	196	6	0	6	0		13	||52	125	边小强	弈术人生	15	195	6	0	7	0		13	||53	171	刘联合	陕西宝鸡	15	188	6	0	7	0		13	||54	59	刘福奎	兰州金城联队	15	186	6	0	7	0		13	||55	140	王之飞	甘肃武威	15	184	7	0	7	0		13	||56	28	袁爱虎	宁夏象棋协会	15	182	5	0	6	0		13	||57	53	陈太平	武山洛门代表队	15	180	6	0	6	0		13	||58	60	刘曜榕	兰州金城联队	15	179	7	0	7	0		13	||59	120	郭建平	天水丁煜棋社	15	179	6	0	6	0		13	||60	161	邓振东	黑龙江	15	175	6	0	7	0		13	||61	112	韩永刚	临洮县代表队	15	169	6	0	7	0		13	||62	174	王建国	西安莲湖区	15	169	6	0	6	0		13	||63	71	常昉明	天水良友代表队	15	168	6	0	6	0		13	||64	74	陈跃	定西棋院队	15	165	7	0	6	0		13	||65	137	曾学成	甘肃张掖	15	153	6	0	7	0		13	||66	66	火克宏	兰州远通手机连锁队	15	150	6	0	7	0		13	||67	134	崔成荣	甘肃兰州	14	198	5	0	6	0		13	||68	26	吴庆斌	宁夏象棋协会	14	193	5	0	7	0		13	||69	127	胡伟	弈术人生	14	192	4	0	7	0		13	||70	99	吕小宁	通渭县代表队	14	191	5	0	6	0		13	||71	169	康东方	新疆哈巴河县	14	187	6	2	6	0		13	||72	46	郭治河	陕西省兴平市象棋队	14	187	6	0	6	0		13	||73	72	王顺斌	天水良友代表队	14	183	6	0	7	1		13	||74	139	马学智	甘肃临夏	14	182	5	0	7	0		13	||75	8	玉思源	河北邯郸光普集团	14	181	3	0	7	0		13	||76	107	高平	张家川县一队	14	179	6	0	7	0		13	||77	52	韩瑞	甘肃习羽照明队	14	176	4	0	6	0		13	||78	129	刘亚骄	清水棋协队	14	174	5	0	7	0		13	||79	79	王久芝	平凉市代表队	14	173	6	0	6	0		13	||80	1	贺杨	贵州山水田园公司	14	172	6	0	6	0		13	||81	97	王新祥	通渭县代表队	14	170	6	0	6	0		13	||82	166	于建	辽宁盘锦市	14	170	5	0	7	0		13	||83	154	张世忠	甘肃通渭	14	168	5	0	7	0		13	||84	5	玉向立	河北邯郸光普集团	14	168	5	0	6	0		13	||85	47	狄阳	陕西省兴平市象棋队	14	167	6	0	6	0		13	||86	199	赵文清	张掖	14	164	5	0	7	0		13	||87	123	丁煜	天水丁煜棋社	14	163	6	0	7	0		13	||88	49	柴兰成	甘肃习羽照明队	14	163	6	0	6	0		13	||89	92	辛晓东	秦安县代表队	14	156	5	0	7	0		13	||90	106	王成	张家川县一队	14	146	6	0	7	0		13	||91	25	任占国	宁夏象棋协会	13	192	3	0	6	0		13	||92	80	杨聪学	平凉市代表队	13	191	5	0	6	0		13	||93	128	刘贵平	清水棋协队	13	183	4	0	7	0		13	||94	70	王德虎	天水良友代表队	13	181	5	0	6	0		13	||94	102	张晓斌	庄浪县永屹八项目部	13	181	5	0	6	0		13	||96	29	王志兵	银川兴庆区队	13	179	4	0	6	0		13	||97	77	王军喜	平凉市代表队	13	178	6	0	6	0		13	||98	90	郑亮亮	秦安县代表队	13	177	5	0	6	0		13	||99	147	石国红	甘肃武威	13	176	3	0	7	0		13	||100	89	伏建军	秦安县代表队	13	174	6	0	6	0		13	||101	57	包友义	兰州金城联队	13	173	6	0	7	0		13	||102	98	马啸林	通渭县代表队	13	170	4	0	7	0		13	||103	65	郝永林	兰州远通手机连锁队	13	170	4	0	6	0		13	||104	48	康刚伟	陕西省兴平市象棋队	13	168	4	0	7	0		13	||105	141	田维军	甘肃徽县	13	164	6	0	7	0		13	||106	121	马旺	天水丁煜棋社	13	163	5	0	7	0		13	||107	170	杜高潮	安徽肥西县	13	163	4	0	6	0		13	||108	30	蔡海杭	银川兴庆区队	13	161	5	0	7	0		13	||109	31	周步晋	银川兴庆区队	13	159	5	0	6	0		13	||110	87	马建平	清水医院队	13	156	6	0	7	0		13	||111	179	岳峰	陕西西安	13	153	6	0	7	0		13	||112	68	董万喜	兰州远通手机连锁队	13	147	5	0	6	0		13	||113	51	刘云帆	甘肃习羽照明队	13	140	5	0	6	0		13	||114	173	谢文华	宁夏	13	137	6	0	7	0		13	||115	50	王本俊	甘肃习羽照明队	12	182	5	0	7	0		13	||116	164	白建红	陕西汉中市	12	176	3	0	7	0		13	||117	100	姜勇	通渭县代表队	12	174	4	0	7	0		13	||118	75	田斌	定西棋院队	12	173	5	0	6	0		13	||119	76	杨永康	定西棋院队	12	171	5	0	6	0		13	||120	73	马耀	定西棋院队	12	169	5	0	6	0		13	||121	69	徐勇	天水良友代表队	12	169	4	0	6	0		13	||122	105	李忠	张家川县一队	12	168	6	0	7	0		13	||123	188	刘少华	清水县个人	12	168	5	0	6	0		13	||124	54	陶增寿	武山洛门代表队	12	162	5	0	6	0		13	||125	6	吴菊花	河北邯郸光普集团	12	161	3	0	7	0		13	||126	101	李仁山	庄浪县永屹八项目部	12	159	5	0	7	0		13	||127	132	李宗智	甘肃永登	12	158	5	0	6	0		13	||128	111	白建明	张家川县	12	158	4	0	6	0		13	||129	119	张永卫	渭源县代表队	12	157	4	0	7	0		13	||130	145	侯全有	甘肃秦安	12	154	5	0	7	0		13	||131	165	何永红	陕西铜川	12	149	5	0	6	0		12	||132	117	王建军	渭源县代表队	12	149	4	0	6	0		13	||133	138	郑智勇	甘肃临夏	12	145	5	0	7	0		13	||134	160	任华	河南省	12	140	5	0	6	0		13	||134	198	曹和平	张掖	12	140	5	0	6	0		13	||136	148	李天朝	甘肃天水	11	192	3	0	6	0		13	||137	108	马志杰	张家川县一队	11	176	4	0	7	0		13	||138	115	马学慧	临洮县代表队	11	170	5	0	7	0		13	||139	167	杨志学	宁夏隆德	11	167	3	0	7	0		13	||140	181	阮飞龙	湖北宜昌	11	163	5	0	7	0		13	||141	144	王胜利	甘肃天水	11	162	4	0	7	0		13	||142	153	呼喜平	甘肃通渭	11	161	3	0	7	0		13	||143	152	雷鸣	甘肃平凉	11	160	5	0	7	0		13	||144	131	冯维刚	清水棋协队	11	160	3	0	7	0		13	||145	168	黄党恩	宁夏隆德	11	155	3	0	6	0		13	||146	149	陈保民	甘肃永登	11	154	5	0	6	0		13	||147	45	蒋利科	陕西省兴平市象棋队	11	154	4	0	6	0		13	||148	114	朱海	临洮县代表队	11	153	4	0	7	0		13	||149	36	杨廷国	宁夏吴忠队	11	152	5	0	7	0		13	||150	113	李华	临洮县代表队	11	148	5	0	7	0		13	||151	56	林双福	武山洛门代表队	11	145	5	0	7	0		13	||152	58	黄守平	兰州金城联队	11	145	5	0	6	0		13	||153	109	马国忠	张家川县	11	141	5	0	6	0		13	||154	32	黄拓	银川兴庆区队	11	141	4	0	7	0		13	||155	133	郑铁军	兰州石化	11	138	4	0	7	0		13	||156	186	董维军	清水县个人	11	127	5	0	7	0		13	||157	104	孙林	庄浪县永屹八项目部	11	126	5	0	6	0		13	||158	130	田小牛	清水棋协队	10	176	5	0	7	0		13	||159	118	李小平	渭源县代表队	10	164	4	0	7	0		13	||160	192	郭鸿	清水县个人	10	161	4	0	6	0		13	||161	34	王立新	宁夏吴忠队	10	155	5	0	7	0		13	||162	146	李阳生	甘肃张掖	10	150	3	0	6	0		13	||163	85	李广庭	清水医院队	10	149	5	0	6	0		13	||164	103	李耀林	庄浪县永屹八项目部	10	147	4	0	7	0		13	||165	110	李文斌	张家川县	10	141	3	0	6	0		13	||166	189	妥耀斌	清水县个人	10	137	4	0	7	0		13	||167	88	贾中山	清水医院队	10	131	4	0	7	0		13	||168	187	贾根存	清水县个人	10	123	4	0	7	0		13	||169	194	周叶辉	清水县个人	10	122	5	0	7	0		13	||170	116	汤广元	渭源县代表队	9	168	3	0	6	0		13	||171	172	李明生	江苏省	9	160	4	0	7	0		13	||172	191	朱宏义	清水县个人	9	142	4	0	7	0		13	||173	150	樊茂	甘肃静宁	9	138	3	0	6	0		13	||174	38	强迎春	宁夏九天棋院	9	137	4	0	7	0		13	||175	193	蔡魁	清水县个人	9	136	4	0	7	0		13	||176	143	李国维	甘肃通渭	9	126	3	0	7	0		13	||177	190	马建平(个人)	清水县个人	9	125	4	0	7	0		13	||178	157	刘宝华	大唐甘谷发电厂	9	121	4	0	7	0		13	||179	155	杨钰成	甘肃环县	9	118	4	0	7	0		13	||180	33	贺生斌	宁夏吴忠队	8	151	4	0	6	0		13	||181	176	黄丰年	陕西149队	8	143	4	0	6	0		13	||182	67	蔡斌	兰州远通手机连锁队	8	143	3	0	6	0		13	||183	200	刘建科	清水县个人	8	142	3	0	6	0		13	||184	183	马亚军	清水县个人	8	124	4	0	7	0		13	||185	86	雷贵中	清水医院队	7	147	3	0	7	0		13	||186	91	安门门	秦安县代表队	7	138	3	0	6	0		13	||187	177	唐永军	陕西铜川	7	135	3	0	7	0		13	||188	184	薛永吉	清水县个人	7	129	3	0	6	0		13	||189	142	冯霄	甘肃徽县	7	114[2]	3	0	6	0		13	||190	175	文治平	西安莲湖区	7	112	2	0	7	0		13	||191	163	郭信永	河北辛集市	6	113	3	0	7	0		12	||192	162	吴庆伟	贵州毕节市	5	116	2	0	4	0		9	||193	185	张金	清水县个人	4	98	2	0	7	0		13	||194	197	刘志刚	清水县个人	2	62	1	0	4	0		8	||195	182	张鑫	清水县个人	0	66	0	0	3	0		6	||196	151	杨角	甘肃静宁	0	59	0	0	3	0		5	||197	196	尚夏	清水县个人	0	53	0	0	2	0		5	||198	158	陈喜会	青海省	0	50	0	0	4	0		6	||199	195	张建忠	清水县个人	0	36	0	0	3	0		5	||200	135	董建刚	甘肃兰州	0	34	0	0	3	0		5[/DhtmlXQ_comment0]
[DhtmlXQ_comment1]中国·清水2017年“天麟集团*轩辕杯”||全国象棋公开赛开幕||     6月25日上午九点，由中国象棋协会指导，甘肃省象棋协会、天水市体育局和清水县人民政府主办，清水县教体局和清水县总工会承办；天水市象棋协会、清水县象棋协会和清水职工培训中心协办的中国·清水2017年“天麟集团*轩辕杯”全国象棋公开赛，在清水职工培训中心隆重开幕。||    这次象棋比赛由甘肃天麟房地产开发集团有限公司独家冠名支持。出席今天开幕式，并在主席台就座的领导和嘉宾有：||中国象棋协会副秘书长、国家体育总局棋牌运动管理中心象棋部副主任李泽超先生；||本次比赛组委会主任、甘肃省象棋协会常务副主席邹涛先生； ||本次比赛组委会主任、天水市体育局副局长李爱平先生；||本次比赛组委会主任、清水县委副书记、县长马越垠先生；||甘肃天麟房地产开发集团有限公司副总经理乔华先生；||本次比赛仲裁主任、甘肃省象棋协会副主席朱始建先生；||本次比赛裁判长、国家级裁判王华丽女士；||     应邀出席开幕式并在主席台就座的组委会副主任有：甘肃省象棋协会副主席刘沛毅先生，甘肃省象棋协会副主席李家华先生及清水县四大组织在家领导。||    中国·清水2017年“天麟集团*轩辕杯”全国象棋公开赛，共有来自全国23个省、市、自治区的33支代表队， 200名象棋高手参加比赛。其中特级大师和象棋大师及棋协大师有五十多位。||特级大师、河北象棋专业队队员申鹏先生；象棋大师、北京著名棋手幺毅先生；象棋大师、黑龙江省象棋队队员刘俊达先生；象棋大师、新疆克拉玛依油田连泽特先生；象棋大师、辽宁著名棋手李冠男先生；象棋大师、湖南著名棋手姜海涛先生；象棋大师、甘肃省象棋协会副主席李家华先生；||    参加本次比赛的女子大师有：||河北象棋专业队原队员、著名象棋大师吴菊花女士；||河北象棋专业队队员、著名象棋大师玉思源女士，她是象棋特级大师申鹏先生的新婚夫人，她和申鹏是本次比赛唯一的一对夫妻棋手；||棋协大师、河北光普教育集团总经理玉向立女士。||    参加本次比赛的还有河南姚洪新、湖北刘宗泽、贵州陈柳刚、陕西李小龙、山西梁辉远、四川曾军、新疆张欣、宁夏任占国、杭州孙思阳、甘肃梁军等六十多位棋协大师、业余大师和省冠军级象棋高手，以及一百多位市、州冠军级著名棋手参赛。||比赛组委会副主任、清水县委常委、组织部部长周济先生主持中国·清水2017年“天麟集团*轩辕杯”全国象棋公开赛开幕式。||今天的开幕式共有九项议程：||第一项议程，全体起立，奏唱中华人民共和国国歌。||第二项：清水县人民政府县长马越垠同志致辞。||第三项: 中国象棋协会副秘书长、国家体育总局棋牌运动管理中心象棋部副主任李泽超先生讲话！||第四项:请甘肃天麟集团副总经理乔华先生讲话。||第五项:甘肃省象棋协会常务副主席邹涛先生讲话。||第六项: 裁判员代表王国忠宣誓。||    第七项: 运动员代表玉思源宣誓。||第八项: 清水县人民政府县长马越垠为本次比赛挂帅授旗，本次比赛裁判长王华丽女士领旗！[/DhtmlXQ_comment1]
[DhtmlXQ_comment2]中国·清水2017年“天麟集团·轩辕杯”||全国象棋公开赛竞赛规程||一、指导单位：中国象棋协会||二、主办、承办、协办||主办单位：甘肃省象棋运动协会||    天水市体育局||    清水县人民政府||承办单位：清水县教育体育局||    清水县总工会||协办单位：天水市象棋协会||    清水县象棋协会||          甘肃省清水职工培训中心||冠名单位：甘肃天麟房地产开发集团有限公司||三、比赛时间、地点||时间：6月25-28日||地点：清水职工培训中心||四、竞赛项目||中国象棋个人赛||五、参赛办法||全国各省、市、县（区）企、事业单位和合法社会团体及象棋爱好者均可组队报名参赛。每队限报领队1人，运动员4人。参赛运动员须身体健康，年龄要求70周岁以下，适合该项运动。||六、竞赛办法||（一）本次比赛执行《象棋竞赛规则》(2011)。||（二）个人赛兼计团体成绩。||（三）采用积分编排制，比赛13轮。||（四）用时：每方基本用时30分钟，每走一步加10秒。||（五）采用40回合自然限着，提出方将军着数不计。||（六）有关记录：比赛前三轮由裁判员随机选择获胜棋手进行电脑录谱，从第四轮起，前二十台棋手记录，获胜方必须进行电脑录谱，和棋由红方录谱，漏录一次记犯规一次。||（七）名次区分：所有名次均不并列。||个人名次依次比较积分、对手分、胜局、犯规、后走局数。如无法区分，则比较前一轮成绩，以此类推，直至区分。||团体名次根据各队四名棋手（不足四名棋手，不计团体名次）个人名次总和排列，少者列前。如相等，则比较最高个人名次。||七、录取名次与奖励||（一）个人录取前四十名，颁发奖金和荣誉证书；团体录取前六名，颁发奖金和奖牌。||（二）天水市籍棋手（以身份证确认）录取前六名，颁发奖金和荣誉证书（奖金就高不就低，不重复领取）。||（三）清水县棋手录取前六名，颁发奖金和荣誉证书（奖金就高不就低，不重复计算）。本县棋手报名人数不足二十人者，奖励范围缩小，只奖励前三名；报名人数不足十人者，纳入本市范围内进行奖励，不再单设奖励名额。||（四）奖金（税前）：||1.奖励个人前四十名。第一名20000元，第二名10000元，第三名5000元，第四名4000元，第五名3500元，第六名3000元，第七名2500元，第八名2000元，第九名1800元，第十名1500元，第十一名1200元，第十二名1000元，第十三名800元，第十四名700元，第十五至二十名各500元，第二十一至三十名各400元，第三十一至四十名各300元。||2.奖励团体前六名。第一名3000元，第二名2000元，第三名1500元，第四至六名各1000元。||3.奖励天水市个人前六名。第一名5000元，第二名4000元，第三名3000元，第四名2000元，第五名1000元，第六名800元。||4.奖励清水县个人前六名。第一名3000元，第二名2000元，第三名1000元，第四名800元，第五名600元，第六名500元。||（五）设体育道德风尚奖和团体优秀组织奖，颁发奖牌或荣誉证书。||（六）本次比赛个人冠、亚军获得者，于比赛结束后，有义务参与一次当地棋协举办的盲棋表演赛和一对二十人的车轮表演赛。||八、报名与报到||（一）报名||各参赛单位（或个人）下载报名表，认真填写本队棋手相关信息，于6月20日前发送至组委会邮箱，同时将参赛费（每名棋手100元）汇入组委会指定账户。报名一律以参赛费到账为准，参赛总人数限额200名。额满后或逾时报名者均无效。||联系人：黄文静（清水县总工会干部）||电话：15193876668，正班时间请拨打0938-7151269||邮箱：1012132896@qq.com 或357831798@qq.com。||参赛费汇款账号：6221888200088312342、户名：邹晓荣（清水县象棋协会工作人员）、开户行：中国邮政储蓄银行清水县支行。||（二）报到||1.裁判及工作人员请于6月24日10:00前报到。||2.参赛棋手于6月24日17:00前报到，19:30召开领队裁判长联席会议，领队会议前无故未报到者，不安排抽签比赛。||3.报到时请提交汇款缴费凭证、身份证原件和人身意外伤害保险单复印件（未购买保险者，在报到时由主办方统一办理）、一寸免冠照片二张。||4.报到地点：清水县泰山路12号天水农业学校南校区培训中心一楼（进校门右手上台阶）||5．特别提醒：由于财务制度规定，所有获奖棋手需提供银行账户信息（含户名、开户行名称、银行账号），奖金通过银行转账，不发现金。团体奖由领队领取，领队提供个人银行账户信息（含户名、开户行名称、银行账号）。||九、食宿与交通||（一）参赛人员食宿费用自理，比赛组委会不作统一安排。住在县城的参赛选手，组委会安排三辆大巴每天接送，乘车地点另行通知。|| （二）交通指南：||1.各地坐火车者，从甘肃省天水火车站下车，出站后在天水火车站广场东侧乘坐麦积至清水专线车（票价15元），约50分钟至清水县城汽车站，在汽车站附近乘坐2路、3路公交车（投币1元），至天水农业学校南校区（清水县城泰山路12号）即可。||2.从兰州、平凉、陇东方向坐汽车至天水汽车总站的棋手，出车站向东约200米（打听盛园小区方向），在三角花园公交站，坐天水至清水轩辕专线车（黄色）直达清水县城（票价17元），去报到处路线同上。||3.从陇南方向到天水者，在天水中心广场乘坐6路公交车，至天水火车站（终点站）下车，在火车站广场转乘麦积至清水专线车（票价15元），约50分钟至清水县城汽车站。去报到处路线同上。||4.从兰州、西安、天津、重庆等地乘飞机抵达天水机场者，下飞机后坐1路公交车（注意在飞机场对面马路上机场东站乘坐，票价3元）至火车站（12站路程），下车后在天水火车站广场东侧乘坐麦积至清水专线车（票价15元），约50分钟至清水县城汽车站。去报到处路线同上。||十、未尽事宜，另行通知。||十一、本规程解释权属比赛组委会。||                中国·清水2017年“轩辕杯”全国象棋公开赛组委会||                       2017年6月19日[/DhtmlXQ_comment2]
[DhtmlXQ_comment3]中国*清水2017年“天麟集团*轩辕杯”全国象棋公开赛|| 第一轮现场报道：||    6月25号上午，中国*清水2017年“天麟集团*轩辕杯”全国象棋公开赛第一轮在清水职工培训中心体育馆拉开战幕。||上午十点，随着裁判长王华丽的一声令下，二百名棋手握手开钟，赛场里随即传来啪啪的棋子撞击和按压钟键的声音。||根据电脑抽签编号拦腰编排，197名男子棋手和三位女子大师俩俩结对，在三尺棋枰上逐鹿中原。 ||令人瞩目的台次很多，让我一一道来。||第二台，甘肃省平凉市庄浪县残疾棋手张晓斌与贵州棋王、刚刚获得陕西省省一次比赛冠军的陈柳刚狭路相逢。张晓斌是脑瘫患者，行走不便，但记忆力惊人，棋力不弱，曾经在2014年天水草业杯公开赛中，连续战胜新疆金华、甘肃何刚、湖北刘宗泽等高手，勇夺第三名，震惊赛场。这次与陈柳刚相遇，笔者对陈柳刚耳语：张晓斌行棋按钟，手指不太灵活，偶尔碰触棋子，请多多包涵。陈柳刚可能没有听懂我的“甘普话”，但他意会我的提示，微微额首认同。他俩战至残局时，张晓斌为车马，陈柳刚为车炮，各有两三个兵卒，张晓斌奋力防守，陈柳刚全力进攻，但局势一直胶着，似乎难以推进。当张晓斌剩下三分钟时，他举起四根手指示意，裁判知其提出四十回合自然限招，便找来记录纸，帮其划勾，记录回合，但陈柳刚经验丰富，关键时刻通过兑吃兵卒，消除四十回合自然限招，最后取胜。围观棋迷为张晓斌惋惜，也为陈柳刚点赞。||本次比赛的时间，正好是回族群众的开斋节，所以，许多回族象棋爱好者未能报名参加。但张家川县几位热心棋迷，因距清水很近，所以最终报名参加。第一轮对阵表公布后，张家川县象棋协会主席、县冠军李忠先生喜笑颜开，不停念叨：幸运幸运！何也？原来，他们县代表队的四位队员，集体遇到河北邯郸光普集团代表队的四位男女大师。||李忠的对手，是甘肃象棋专业队原队员，现光普教育集团总经理玉向立，她是全国女子快棋冠军，棋协大师，这次应邀带领亲友团，重返甘肃第二故乡，友情支持本次比赛。她第一轮遇到打虎将李忠（此李忠非广网技术总监打虎将李先生，呵呵），即将打虎英雄操练心服口服。张家川王成，逼和了玉向立的表姐、女子大师吴菊花；马志杰以车兵单士相对车卒双象，与女子大师玉思源握手言和；申鹏则以车炮兵轻松战胜高平。||宁夏老棋王任占国先生行棋按钟，轻拿轻放、彬彬有礼，诚为棋手楷模，他将陕西棋坛小帅哥边小强挑落马下，令小将不停摇头自责。||山西名将梁辉远对阵甘肃徽县田维军，中局即得子占优，田维军索性来了个死猪不怕开水烫，毅然抱着壮烈牺牲的心情与之拼命。他抓起大炮，本想平至2路打车，未料放错位置，落在1路边上。没想到，这一错步，竟然走对了，因为按原计划打车，红方可以通过强行吃子交换，夺占更大优势。也许梁辉远得子后走得随意，也许田维军命大福大，竟然逼和山西名将。签字后，他欣然录谱，连呼侥幸。田维军是1996年西北师范大学大学生冠军，在县级比赛中最好名次为第二名，竟然战平著名棋手，自然格外欣慰。||清水本地象棋者蔡魁第一轮即遭遇混世魔王姚洪新，这不是一个级别的较量。对阵表公布以后，远在南京上海的清水棋迷开玩笑说，蔡魁啊蔡魁，你只要把老姚砍倒，就大魁天下了！当然，这个结果肯定是小概率事件。呵呵！||其它台次，该胜的都胜了，该输的都输了，请有心人关注对阵结果表即可。||特别说明，本次比赛为甘肃清水县首次举办的大规模赛事，经验不足，人手不够，时间紧张，桌签未能摆放，报道不能及时发布等等等问题，需要磨合，需要提升。不足之处，还望海涵。|| 中国*清水2017年“天麟集团*轩辕杯”全国象棋公开赛|| 第二轮现场报道：||6月25号下午2：30，中国*清水2017年“天麟集团*轩辕杯”全国象棋公开赛第二轮比赛擂鼓开战。||对阵结果已经公布，请查阅。可记述者如下：||第五台，甘肃省定西市高手杨永康与河北玉向立战至残局，形成车双马双兵对车炮卒的优势残局，玉向立虽然顽强防守，依然失利。老杨获胜签字后，激动不已，不断揩去微微谢顶的头颅上的汗珠。工作人员请其录谱，他笑着连连摆手说，头昏脑胀，记不住了。然后一溜烟跑到赛场外了。||张家川县回族高手马志杰则与杨永康截然相反，他战胜女子大师吴菊花，他主动到录谱的地方，将棋谱认真录入。||象棋大师吴菊花，1971年出生于鸡泽。1985年初，她由村间地头“野路子”棋手转入正规训练；1990年晋升为象棋“国家大师”，是1990年、1991年全国中国象棋女子团体冠军河北队主力队员之一。现在，她很少下棋，盘面生疏，这次纯属友情客串，故对胜负淡然置之。||甘肃高棋梁富春与象棋大师刘俊达对阵时，中变走出软手，被刘俊达反夺先手， 以车炮卒士象全对单车结束战斗。||北京象棋大师幺毅与甘肃定西棋院院长马耀对垒时，将黑方老将请到高高的三楼顶上，然后一脚踢了下去。||孙思阳对田斌时，进入马炮双兵对马炮卒的优势残局，双方均为单缺相。观摩一圈回看时，只见红方为炮兵，黑方为马卒单士象，孙思阳微微摇头，似乎懊悔。在时间催逼下，田斌走出一步平卒的软手，被孙思阳妙手吃士，兵占花心，看定老将，然后从容退炮打死卒子。事后交流，孙思阳说，从盘面上来说，最后自己有二先的优势，但对方也有和棋的机会，可惜时间紧张，走错了，自己才幸运取胜。||陕西棋王高飞这次参赛时自带直播设备，随时进行现场直播，拥有许多支持的热心棋迷围观助阵，因而信心倍增。他与新疆象棋大师连泽特对阵时，一直在棋局和时间方面压着对方，最后逼连大师超时而负。连泽特晚上交流时说，高飞的水平挺高的，输给他也是正常情况。高飞是一个率直的年轻棋手，他在陕西象棋网上有一段声明，很有意思，摘录如下，以飨棋友：||     高 飞 声 明||我是一个靠棋吃饭的人，其实我以前也做过其它工作，例如：木工、邮递员等，不过做了一段时间后发现自己确实胜任不了，选择来选择去还是选择在棋界发展。||我想声明八点：||1、我不喜欢当官掌权，不爱名，以后也不存在竞争权力和争夺名的情况发生。||2、为了照顾我爸妈，给老婆孩子撑起一片天，我现在只管集中精力下棋挣钱。||3、陕西乃至全国棋界各位朋友，如以后想请我去打比赛、讲课，下百人车轮，盲目棋表演，如是公益的不收费，如是带有名、利、权性质的都是收费的||4、收费标准：替单位打比赛（3天内的）1000元，百人车轮战1000元，盲目棋表演（3盘1000元）（4盘2000元）讲课按天算（1天500）按小时算（1小时100）其它情况商量定||5、管我吃住，报销所有路费，请我去的费用在我返回之前必须结清，不拖欠。||6、如觉得我收费不合理，可以不请我，没人请我自己想去花钱，我自己愿意，既然你请我去那到时候费用就肯定要给，请以后不要再说我没有时间，不管任何单位或个人谁先请我，如我答应了绝不会放您的鸽子。||7、请我去的朋友，请不要让我承诺获得前几名，下车轮要全赢不间长能输，盲目要赢不能输这样的承诺，我在这里给各位朋友提前说：我做不到。我只能做到，我会尽全力，盲目棋我能做到坚持到底不报错棋，不会中途出现接不下去的情况，至于名次输赢我是左右不了的！||8、请棋界朋友今后在比赛场上碰见，不要和我谈让棋，不要上来就提和，在此声明：本人不会让棋，不会上来就和棋，想赢想和要靠本事下到那盘面！||中国象棋国际象棋均可。我这人比较直，只是想把我想说的说出来，没有丝毫炫耀或不尊敬的意思，请各位棋界朋友理解！||                           声明人：高飞||                          2015年10月13日||赛场最大的冷门，是秦安棋手郑亮亮逼刘玉武的一局。郑亮亮曾经夺取秦安县冠军，刘玉武是省冠军，俩人在实力方面有着明显的差距，但是，竞技项目中，什么情况都会发生。该局当时犬牙交错，相当复杂，刘玉武是布局专家，也难以破解，在苦思中反应过来时，时钟鸣响。||其它台次，敬请参阅对阵结果表，恕不一一叙述|| 中国*清水2017年“天麟集团*轩辕杯”全国象棋公开赛|| 第三轮现场报道：||6月25号下午4：30，中国*清水2017年“天麟集团*轩辕杯”全国象棋公开赛第三轮比赛紧接着开赛。||被誉为全国业余四大高手之一的姚洪新，在头台与甘肃名将王维杰相遇。姚洪新多次夺取全国业余公开赛的冠军，曾经在象棋甲级联赛里征战数年，前几天又刚刚夺取宝鸡陈仓杯象棋赛的冠军。他虽然看起来沉默少语，朴素平常，但是，一旦定焦于三尽棋盘，他就是象棋界令许多人闻之色变的人物。王维杰是甘肃名将，除全省冠军以外的名次，他拿遍了。大师级高手，也战胜过不少，无名棋手，他也输过很多。总体实力来说，王君略逊一筹。他们的对局过程，我没有看全，在赛场碰见王君，观其脸色，可知一二，一问结果，果然不出所料。||第二台，天水市二届冠军郭建平离开棋坛数年后重返赛场，刀子钝了好多，在占优的情况下，没有扩大先手，被陶世全扳平，后来越走越差，最终失利。||第三台，贺岁学与徒弟李小龙过早遭遇，他们俩都无心恋战而和。||第六台，浙江陆宏伟很有意思，他与贵州陈柳刚激战成和，按规则，由红方录谱，但他竟然说不懂电脑，不会录谱，令人惊讶。||第九台，特级大师申鹏战胜了甘肃谱王何刚。||第十一台，湖南象棋大师姜海涛与北京象棋大师幺毅相遇，这是目前为数不多的大师级对决。结果，姜海涛棋高一着，最终取胜。||其它台次，邯郸光普教育集团玉向立执车马炮三兵排山倒海般杀过河去，降服了甘肃庄浪县李仁山。清水县六届冠军刘贵平战胜女子大师吴菊花，这位仁兄也是个不会电脑、不会录谱，记不下棋谱的主儿。江湖高手刘宗泽顶住了新疆金华的猛烈攻击。甘肃象棋大师李家华对阵安徽杜高潮，不断掀起战斗高潮，但被对方一一化解而未能奏效。||中国*清水2017年“天麟集团*轩辕杯”全国象棋公开赛|| 第四轮现场报道：||6月25号上午8：30，中国*清水2017年“天麟集团*轩辕杯”全国象棋公开赛第四轮比赛开赛。||三战全胜积6分者，在前八台相遇，二胜一和积5分者，达14人。||胜负结果已经在网上公布，棋迷可以查阅。||印象深刻的棋局为姚洪新对姜海涛大师的一局，中局时，只见红方将黑方老将赶上三楼，真是高处不胜寒，在红方的不断逼宫下，黑方老将坠楼而亡。||女子大师玉思源对阵敦煌高手田斌，残局为炮兵双相对马卒双士，又经过四十回合激战，黑方攻城无方而息兵罢战。||张家川县高平的棋艺水平时高时平，高的时候可以斩大将，低的时候给马路边的臭棋也输，这一轮对阵邯郸女子大师玉向立，走得有板有眼，竟然平分秋色。||贵州棋王陈柳刚与陕西棋王贺岁学对攻中捷足先登，申鹏大师后手大显特大本色，将甘肃猛将陶世全擒下马来。||时间太紧，只能写到这里，乞望热心棋迷谅解！|| 中国*清水2017年“天麟集团*轩辕杯”全国象棋公开赛|| 第五轮现场报道：||6月26号上午10：30，中国*清水2017年“天麟集团*轩辕杯”全国象棋公开赛第五轮比赛接紧着开赛。||四战全胜积8分者，仅湖南邵阳代表队谢叶卿、代表清水航鑫公司出战的河南姚洪新，代表贵州山水田园公司出战的四川棋王曾军，甘肃冠军张尕军，辽宁象棋大师李冠男，特级大师申鹏，他们六位在前三台相遇。||结果，谢叶卿不敌姚洪新，姚洪新率先开创五连胜的好兆头。四川棋王曾军与甘肃冠军张尕军激战到残局，形成车炮双士对车炮卒双象的残局，红方劣势下走得非常顽强，但黑方车炮卒不断联攻，白吃红炮，又蚕食双士，车炮卒对单车，曾军只好推子签字。||李冠男与申鹏两大高手，激战到车炮士相全对车炮卒士象全，黑方极力求胜，无奈红方防守严密，黑卒无法过河而言和。||第四台，代表宁夏九天棋院出战的内蒙高手贾智勇，上风逼和了贵州棋王陈柳刚，刘俊达大师抓住张欣的失误，多子胜出，签字之后，他说：拣了一盘，拣了一盘！||其他台次请参阅对阵结果表。|| 中国*清水2017年“天麟集团*轩辕杯”全国象棋公开赛|| 第七轮现场报道：||6月26号下午4：30，中国*清水2017年“天麟集团*轩辕杯”全国象棋公开赛第七轮比赛连续开战。||前六轮六战全胜者为姚洪新一人，积12分独自领跑。积11分者仅李冠男和申鹏二人。积10分处于第三集团者为连泽特大师与孙勇宏、陈柳刚、张尕军、谢叶卿五人。||根据积分编排原则，姚洪新与李冠男在第一台对垒。他们的对局谱，已经发到网上，棋迷可以自行查阅。李冠男大师以车炮战胜了姚洪新的双炮马兵，显得异常兴奋，乐意配合录谱，成为本次比赛以来第一次录谱。姚洪新输棋后，显得郁郁不乐，独自一人反复复盘，喃喃自语，寻找失误的地方，良久才离开赛场。||第二台和第三台，新疆连泽特大师战平河北特大申鹏，山东德州棋牌协会孙勇宏战平湖南邵阳谢叶卿。||第四台张尕军由于受上一轮应和反败的影响，状态没有恢复，再次受挫，败于贵州棋王陈柳刚。||第七台，四川棋王曾军也受上一轮失利的影响，执先负于甘肃梁富春。||第八台，刘俊达大师对阵江湖高手刘宗泽，结果青出于蓝胜于蓝，小刘胜了老刘。||其它台次，甘肃名将刘玉武胜了陕西帅气小将边小强，甘肃名将任仲敏负于湖南邵阳杨海江。杨先生身体瘦弱，头发偏长，但他棋艺不俗，连斩多位象棋高手，杀上前台了。|| 中国*清水2017年“天麟集团*轩辕杯”全国象棋公开赛|| 第七轮现场报道：||6月26号下午4：30，中国*清水2017年“天麟集团*轩辕杯”全国象棋公开赛第七轮比赛连续开战。||前六轮六战全胜者为姚洪新一人，积12分独自领跑。积11分者仅李冠男和申鹏二人。积10分处于第三集团者为连泽特大师与孙勇宏、陈柳刚、张尕军、谢叶卿五人。||根据积分编排原则，姚洪新与李冠男在第一台对垒。他们的对局谱，已经发到网上，棋迷可以自行查阅。李冠男大师以车炮战胜了姚洪新的双炮马兵，显得异常兴奋，乐意配合录谱，成为本次比赛以来第一次录谱。姚洪新输棋后，显得郁郁不乐，独自一人反复复盘，喃喃自语，寻找失误的地方，良久才离开赛场。||第二台和第三台，新疆连泽特大师战平河北特大申鹏，山东德州棋牌协会孙勇宏战平湖南邵阳谢叶卿。||第四台张尕军由于受上一轮应和反败的影响，状态没有恢复，再次受挫，败于贵州棋王陈柳刚。||第七台，四川棋王曾军也受上一轮失利的影响，执先负于甘肃梁富春。||第八台，刘俊达大师对阵江湖高手刘宗泽，结果青出于蓝胜于蓝，小刘胜了老刘。||其它台次，甘肃名将刘玉武胜了陕西帅气小将边小强，甘肃名将任仲敏负于湖南邵阳杨海江。杨先生看起来身体瘦弱，头发偏长，但他棋艺不俗，连斩多位象棋高手，悄无声息地杀上前台了。||中国*清水2017年“天麟集团*轩辕杯”全国象棋公开赛|| 第八轮现场报道：||6月26号晚上7：30，中国*清水2017年“天麟集团*轩辕杯”全国象棋公开赛第八轮比赛挑灯夜战。||此时，辽宁大师李冠男积13分超越姚洪新，成为新的领跑者。||积12分在后紧追者有陈柳刚、申鹏、姚洪新三人。积11分者多达十余人。||围观棋迷最关心的是前几台的战况，许多人通过视频直播观看了精彩棋局，棋谱也上传至网上。||陈柳刚对李冠男，鹿死谁手？只见红方双车卡在自己的双肋，行棋诡异，招法独特。不过，李冠男大师似乎成竹在胸，一一化解攻势，在打破了姚洪新的不败之身之后，又撕烂了陈柳刚的金钟铁布衫，一路狂奔。||第二台，申鹏对姚洪新之战，在场内外引起极大关注。河北特大申鹏以过宫炮开战，姚洪新小心翼翼应对，进入中局，双方仅兑去一炮，局面胶着。经过无数次拉锯杀伐，申鹏抓住兑子的机会，炮打中士，扩大优势，最后以车兵对车双象入局。领队玉向立女士在申鹏身后扫了一眼，看到大势明朗，转身离去，行不过丈，即闻凯歌。||湖南省邵阳市代表队杨海江和谢叶卿双双杀入前五台，双双执红先行，双双遭遇了两位年轻的象棋大师，不过，杨海江先手受挫于刘俊达大师，谢叶卿则与连泽特大师战至车炮兵对车炮卒而平分秋色。||甘肃梁富春与刘玉武拼了一会，觉得没有机会，也无心恋战，及时收场。||北京象棋大师幺毅执先急于求成，被山西梁辉远反攻倒算。梁辉远是山东德州棋牌队的核心人物，当时组队时，他的队友说，梁辉远来，他们就来，梁辉远不来，他们都不来，可见这位仁兄在山西山东一带的号召力与感染力。||当晚最后结束的一局，是陕西刘联合与新疆金华的一局。这两位仁兄战至马士相全对炮双卒的官和局面，但他俩不知为何有了情绪，谁也不提和，不断来回飞士落相，啪啪走子，嚓嚓按钟，急得赛场裁判和工作人员情绪不安。按规则，他们不提和，裁判不能直接审判。一位裁判说，他们自己愿意来回拉剧磨蹭，就让他们消耗自己的精力，工作人员也愿意奉陪到底。后来，他俩实在觉得不好意思了，才悻然收场。[/DhtmlXQ_comment3]
[DhtmlXQ_comment51]棋谱由象棋桥生成。[/DhtmlXQ_comment51]
[DhtmlXQ_type]实战全局/开局[/DhtmlXQ_type]
[DhtmlXQ_timerule][/DhtmlXQ_timerule]
[DhtmlXQ_endtype][/DhtmlXQ_endtype]
[DhtmlXQ_owner]南志刚[/DhtmlXQ_owner]
[DhtmlXQ_firstnum]0[/DhtmlXQ_firstnum]
[DhtmlXQ_gametype][/DhtmlXQ_gametype]
[DhtmlXQ_generator]www.chasoft.net[/DhtmlXQ_generator]
[DhtmlXQ_gamepreview]646982de4ffb.png[/DhtmlXQ_gamepreview]
[/DhtmlXQ]


