[DhtmlXQ]
[DhtmlXQ_ver]www_vietcotuong_com[/DhtmlXQ_ver]
[DhtmlXQ_init]500,350[/DhtmlXQ_init]
[DhtmlXQ_title]第01轮 第03台 天津 王昊 先和 浙江 王家瑞[/DhtmlXQ_title]
[DhtmlXQ_event]2016年第七届杨官璘杯全国象棋公开赛公开组[/DhtmlXQ_event]
[DhtmlXQ_date]2016年09月05日[/DhtmlXQ_date]
[DhtmlXQ_place]广东东莞凤岗镇体育馆[/DhtmlXQ_place]
[DhtmlXQ_round][/DhtmlXQ_round]
[DhtmlXQ_table][/DhtmlXQ_table]
[DhtmlXQ_red]王昊[/DhtmlXQ_red]
[DhtmlXQ_redteam][/DhtmlXQ_redteam]
[DhtmlXQ_redrating][/DhtmlXQ_redrating]
[DhtmlXQ_blacktime][/DhtmlXQ_time]
[DhtmlXQ_black]王家瑞[/DhtmlXQ_black]
[DhtmlXQ_blackteam][/DhtmlXQ_blackteam]
[DhtmlXQ_blackrating][/DhtmlXQ_blackrating]
[DhtmlXQ_blacktime][/DhtmlXQ_time]
[DhtmlXQ_result]和局[/DhtmlXQ_result]
[DhtmlXQ_open]A38 飞相互进七兵局[/DhtmlXQ_open]
[DhtmlXQ_remark][/DhtmlXQ_remark]
[DhtmlXQ_author][/DhtmlXQ_author]
[DhtmlXQ_binit]0919293949596979891777062646668600102030405060708012720323436383[/DhtmlXQ_binit]
[DhtmlXQ_movelist]6947636426257062192710221707001009196042776762740703121403047466394850417958667467777277587780502735143419102210868574628986102204052203050450553527343127150311865655757769232429072425072575850405[/DhtmlXQ_movelist]
[DhtmlXQ_comment0]排名	编号	姓名	单位	总分	对手分	胜数	犯规	直胜	后手数	胜率	出场	胜	平	负	称号	等级分	备注	||1	8	徐崇峰	浙江	17	150	7	0	0	5	77.27	11	7	3	1	大师	2462		||2	3	张　彬	天津	16	153	6	0	0	6	72.73	11	6	4	1	大师	2511		||3	37	郑一泓	厦门	16	138	5	0	0	6	72.73	11	5	6	0	特大	2512		||4	51	郭凤达	杭州	15	147	4	0	0	5	68.18	11	4	7	0	大师	2450		||5	53	姚洪新	河南	15	143	5	0	0	5	68.18	11	5	5	1		2473		||6	5	王　昊	天津	15	119	6	0	0	5	68.18	11	6	3	2		2430		||7	4	黄仕清	河北	14	139	5	0	0	6	63.64	11	5	4	2	大师	2438		||8	30	赵子雨	湖北	14	137	6	0	0	6	63.64	11	6	2	3	大师	2424		||9	41	李炳贤	浙江	14	133	5	0	0	5	63.64	11	5	4	2		2347		||10	49	聂铁文	黑龙江	14	119	5	0	0	5	63.64	11	5	4	2	大师	2514		||11	55	何文哲	杭州	13	142	4	0	0	5	59.09	11	4	5	2	大师	2409		||12	22	党　斐	厦门	13	137	3	0	0	6	59.09	11	3	7	1	大师	2495		||13	1	黄文俊	广州	13	136	3	0	0	6	59.09	11	3	7	1		0		||14	36	陈富杰	山东	13	134	5	0	0	5	59.09	11	5	3	3	大师	2480		||15	7	李鸿嘉	煤矿	13	133	4	0	0	5	59.09	11	4	5	2	大师	2483		||16	24	宿少峰	内蒙古	13	133	3	0	0	5	59.09	11	3	7	1	大师	2455		||17	66	程宇东	广州	13	131	2	0	0	5	59.09	11	2	9	0		0		||18	12	刘子健	江苏	13	130	4	0	0	5	59.09	11	4	5	2	大师	2465		||19	60	林进春	长安	13	129	3	0	0	5	59.09	11	3	7	1		0		||20	59	梁运龙	凤岗	13	118	5	0	0	5	59.09	11	5	3	3		0		||21	35	谢　岿	山东	12	134	4	0	0	6	54.55	11	4	4	3	大师	2523		||22	47	黎德志	广州	12	134	2	0	0	5	54.55	11	2	8	1		2446		||23	2	孙逸阳	江苏	12	132	3	0	0	6	54.55	11	3	6	2	大师	2523		||24	44	陈柳刚	贵州	12	126	5	0	0	5	54.55	11	5	2	4		0		||25	34	徐　昊	河北	12	124	3	0	0	6	54.55	11	3	6	2		0		||26	40	陈树雄	汕头	12	118	3	0	0	5	54.55	11	3	6	2		0		||27	28	苗永鹏	大连	12	116	5	0	0	5	54.55	11	5	2	4	特大	2416		||28	45	刘俊达	黑龙江	11	141	2	0	0	6	50	11	2	7	2	大师	2480		||29	39	曾　琦	湖南	11	134	2	0	0	6	50	11	2	7	2		0		||30	9	蔡佑广	佛山	11	133	4	0	0	5	50	11	4	3	4		0		||31	26	李成蹊	山东	11	132	3	0	0	6	50	11	3	5	3	大师	2434		||32	46	吴亚利	深圳	11	132	2	0	0	6	50	11	2	7	2		0		||33	33	李　禹	广州	11	128	3	0	0	5	50	11	3	5	3		0		||34	20	王兴业	湖北	11	126	3	0	0	5	50	11	3	5	3	大师	2450		||35	54	刘立山	茂名	11	122	5	0	0	5	50	11	5	1	5		0		||36	29	周　涛	北京	11	122	3	0	0	5	50	11	3	5	3		0		||37	48	陈红标	茂名	11	119	3	0	0	5	50	11	3	5	3		0		||38	65	黄光颖	广州	11	119	2	0	0	6	50	11	2	7	2		2450		||39	58	李立军	惠州	11	108	3	0	0	5	50	11	3	5	3		0		||40	16	张申宏	北京	11	105	5	0	0	5	50	11	5	1	5	大师	2464		||41	32	万　科	湖北	11	102	4	0	0	6	50	11	4	3	4		0		||42	52	胡庆阳	黑龙江	10	129	3	0	0	6	45.45	11	3	4	4	大师	0		||43	6	王家瑞	浙江	10	126	2	0	0	6	45.45	11	2	6	3	大师	2450		||44	18	靳玉砚	北京	10	122	4	0	0	5	45.45	11	4	2	5	大师	2434		||45	23	刘宗泽	湖北	10	120	3	0	0	6	45.45	11	3	4	4		0		||46	56	李　进	惠州	10	110	2	0	0	5	45.45	11	2	6	3		0		||47	61	黄嘉亮	广州	10	109	4	0	1	6	45.45	11	4	2	5		0		||48	25	李锦雄	梅州	10	109	4	0	1	5	45.45	11	4	2	5		0		||49	21	何嘉诚	清远	10	106	3	0	0	5	45.45	11	3	4	4		0		||50	13	陈茂顺	江西	10	95	4	0	0	6	45.45	11	4	2	5		0		||51	50	林辉宇	广西	9	122	4	0	0	5	40.91	11	4	1	6		0		||52	27	时凤兰	广东	9	116	2	0	0	6	40.91	11	2	5	4	大师	2320		||53	11	莫伟明	清远	9	90	4	0	0	6	40.91	11	4	1	6		0		||54	15	伍世钦	凤岗	8	121	2	0	0	6	36.36	11	2	4	5		0		||55	14	孙昕昊	浙江	8	117	3	0	0	6	36.36	11	3	2	6		0		||56	57	范　磊	辽宁	8	111	2	0	0	5	36.36	11	2	4	5		0		||57	42	王　铿	浙江	8	109	1	0	0	6	36.36	11	1	6	4	大师	2202		||58	62	曹鸿均	黑龙江	8	102	3	0	0	6	36.36	11	3	2	6		0		||59	63	孔令义	湖北	8	98	3	0	0	6	36.36	11	3	2	6		0		||60	10	王　晴	天津	8	85	2	0	0	6	36.36	11	2	4	5	大师	2189		||61	31	谭琳琳	广州	7	105	3	0	0	6	31.82	11	3	1	7		0		||62	19	蔡植坚	凤岗	7	104	2	0	0	6	31.82	11	2	3	6		0		||63	38	邵如凌冰	杭州	7	94	1	0	0	6	31.82	11	1	5	5	大师	0		||64	17	李家林	中山	6	85	3	0	0	5	27.27	11	3	0	8		0		||65	43	张玄弈	杭州	4	97	1	0	0	6	18.18	11	1	2	8	大师	0		||66	64	任福俊	山东	4	96	2	0	0	6	18.18	11	2	0	9		0[/DhtmlXQ_comment0]
[DhtmlXQ_comment1]第七届“杨官璘杯”全国象棋公开赛||(公开组)竞赛规程||    ||一、主办单位：中国象棋协会、广东省棋牌项目管理中心、东莞市体育总会||    二、承办单位：东莞市凤岗镇人民政府||    三、竞赛时间和地点||    2016年9月5-9日在广东省东莞市凤岗镇体育馆举行。||    四、竞赛项目：男女混合个人赛。||    五、参赛资格||    (一)获得“象棋大师”(含)以上称号的棋手。||    (二)获本届赛事预赛前50名棋手（该资格不顺延）。||    (三)参赛棋手为奇数时，由中国象棋协会批准或由承办单位补双。||    六、竞赛办法||    (一)执行中国象棋协会审定的《象棋竞赛规则》(2011)。||    (二)用时：每方基本用时60分钟，每走一步加20秒。||    (三)采用积分编排制，比赛十一轮。||    (四)名次区分：按《规则》14.3.1条款执行。||    七、参赛办法||    (一)报名时间：参赛棋手于2016年8月15日前报名，逾期报名者，视为放弃参赛资格。||    (二)报名电话：0769-87509678，13428432169(谢启文)||    (三)参赛棋手报到时请携带本人身份证以及近期免冠一寸照片1张，否则报名无效。||    八、录取名次及奖励||    (一)录取前20名。||    (二)奖金(人民币，税前)||    冠军3万元、亚军2万元、季军1万元。第四名8千元、第五名6千元、第六名5千元、第七名4千元、第八名3千元、第九名2.5千元、第十名2千元。十一至二十名各奖800元。||    九、报到时间和地点||    2016年9月4日16:00前在东莞市凤岗镇体育馆报到。||    十、经费||    参赛者一切费用自理。||十一、日程安排||日期||上午||下午||晚上||9月4日||报到||报到||16:00技术会议|| ||9月5日||第一轮9:00||第二轮15:00|| ||9月6日||第三轮9:00||第四轮15:00||第五轮19:30||9月7日||第六轮9:00||第七轮15:00|| ||9月8日||第八轮9:00||第九轮15:00||第十轮19:30||9月9日||第十一轮9:00||闭幕式15:00||离会||9月10日||离 会|| || ||十二、请棋手着正装出席开、闭幕式活动。||十三、中国象棋协会拥有本次比赛中所产生的棋谱、现场视频的知识产权和信息网络传播权。||十四、未尽事宜，另行通知。||    十五、本规程解释权属中国象棋协会。||                                  ||                                   中国象棋协会||2016年7月[/DhtmlXQ_comment1]
[DhtmlXQ_comment2]第七届"杨官璘杯"王天一君临天下 唐思楠夺冠为个人赛定小目标||||||9月9日，第七届“杨官璘杯”全国象棋公开赛在广东东莞凤岗体育馆尘埃落定，专业男子组王天一君临天下，女子组唐思楠摘冠，公开组徐崇峰登顶，海外组越南赖理兄一统海外。||||备受关注的专业男子组中，王天一积分获得一轮优势，最后一轮轻松弈和洪智，王天一4胜5平，积13分，荣登本届杨官璘杯冠军，揽金8万，这是继浙江飞神杯夺冠之后，王天一捧来的第二座冠军奖杯。赵鑫鑫、蒋川分获亚军与季军。||||||值得一提的是，浙江老帅于幼华参加本次大赛，前期5连和，后取得3连胜，后来居上，勇夺第5佳绩，精神可贵。||||赛后，王天一表示，赛前没想过能拿冠军，因为今年参赛比较少，所以对自己也没有太高的要求，希望能找回参加大赛的节奏。从过程来看，自己发挥的比较稳定，基本没有出现什么失误，而对手或多或少犯下了点错误，被我抓住，赢了几盘棋。||||王天一对吉林个人赛展望，顺其自然，淘汰赛的赛制比较刺激，不能有丝毫的失误。希望这次争取能走的远一点。||||女子组中，唐思楠亦获得较大优势，积分比对手多一个轮次，最后一战与陈青婷对垒，弈至马炮残局，双方均无罅隙，罢兵成和，唐思楠轻松夺冠，揽金5万。这是继去年个人赛亚军之后，唐思楠取得的又一佳绩。亚军季军分为唐丹与陈青婷。||||唐思楠赛后表示，自己抱着学习的心态参加杨官璘杯，女子棋手等级分靠前，实力强大，赛前准备了一些流行布局，学习男子棋手的对战经验，自己受益匪浅。对于不久就要开战的高港杯与个人赛，自己有个“小目标”，暂时不宜透露。||||公开组中，昨晚加赛一轮，冠军仍然没有浮出水面，最后一战，郑一泓、徐崇峰、张彬同积15分，姚洪新平张彬，郭凤达平郑一泓，小将徐崇峰对陈富杰，表现一股冲劲，一举掀翻陈富杰，勇夺冠军，获奖3万。亚军季军张彬郑一泓。||||赛后，柳大华透露，此前严格要求爱徒徐崇峰，认真对待每一盘棋，严禁协议和棋，追求棋道不遗余力。徐崇峰在柳大华的教导下，进步神速，在前年获得16岁组少年赛冠军后，加入象甲队伍，逐渐羽翼丰满，在浙江队中站稳脚跟，担当大任。||||对于12岁湖北天才少年万科，柳大华亦是赞不绝口，参加本次大赛万科以学习为目标，增益不少。||||海外组，越南赖理兄经过象甲的调教，实力已今非昔比，战至最后，积15分傲视群雄，曹岩磊积13分紧随其后，最后一轮，赖理兄平越南陈文柠，德国薛涵第平中国澳门曹岩磊，赖理兄积14分勇夺三军，喜摘桂冠，获奖5万。中国澳门曹岩磊、德国薛涵第获得亚军与季军。||||赖理兄以“勤奋”著称，早在2010年就曾获得杨官璘杯第5名成绩，曾获越南个人赛冠军。本次大赛夺冠，已是水到渠成，自然而然。(文：中国棋牌网 笑笑生，图：广东象棋网)[/DhtmlXQ_comment2]
[DhtmlXQ_type]实战全局/开局[/DhtmlXQ_type]
[DhtmlXQ_timerule]60+20[/DhtmlXQ_timerule]
[DhtmlXQ_endtype][/DhtmlXQ_endtype]
[DhtmlXQ_owner][/DhtmlXQ_owner]
[DhtmlXQ_firstnum]0[/DhtmlXQ_firstnum]
[DhtmlXQ_gametype][/DhtmlXQ_gametype]
[DhtmlXQ_generator]www.ccbridge.net[/DhtmlXQ_generator]
[DhtmlXQ_gamepreview]62f5c18578e1.png[/DhtmlXQ_gamepreview]
[/DhtmlXQ]


