[DhtmlXQ]
[DhtmlXQ_ver]www_vietcotuong_com[/DhtmlXQ_ver]
[DhtmlXQ_init]500,350[/DhtmlXQ_init]
[DhtmlXQ_title]郑州 侯文博 胜 逯博士队 黄华[/DhtmlXQ_title]
[DhtmlXQ_event]2017年全国象棋业余棋王赛洛阳逯博士杯预选赛[/DhtmlXQ_event]
[DhtmlXQ_date]2017-08-21 15:30[/DhtmlXQ_date]
[DhtmlXQ_place]栾川县养子沟景区七星园度假山庄[/DhtmlXQ_place]
[DhtmlXQ_round]第03轮[/DhtmlXQ_round]
[DhtmlXQ_table]第01台[/DhtmlXQ_table]
[DhtmlXQ_red]侯文博[/DhtmlXQ_red]
[DhtmlXQ_redteam]郑州[/DhtmlXQ_redteam]
[DhtmlXQ_redrating][/DhtmlXQ_redrating]
[DhtmlXQ_blacktime][/DhtmlXQ_time]
[DhtmlXQ_black]黄华[/DhtmlXQ_black]
[DhtmlXQ_blackteam]逯博士队[/DhtmlXQ_blackteam]
[DhtmlXQ_blackrating][/DhtmlXQ_blackrating]
[DhtmlXQ_blacktime][/DhtmlXQ_time]
[DhtmlXQ_result]红胜[/DhtmlXQ_result]
[DhtmlXQ_open]E48 对兵转兵底炮对左中炮[/DhtmlXQ_open]
[DhtmlXQ_remark][/DhtmlXQ_remark]
[DhtmlXQ_author][/DhtmlXQ_author]
[DhtmlXQ_binit]0919293949596979891777062646668600102030405060708012720323436383[/DhtmlXQ_binit]
[DhtmlXQ_movelist]26256364776712426947102266650010656442465948604219274676091910161707166627357051798766368959513259563656355680705635728219165041677782867770861670721613645476268766232435432425432226227232413207038384030413145453222404002535060532415343426400012444013114163134353666458485346416194524364647698575241275651233413233254445254665554959191146251151645455655404450504000502253365555949022269475556331422214342[/DhtmlXQ_movelist]
[DhtmlXQ_comment0]||“江阴周庄”2017中国体育彩票全国象棋业余棋王赛“晨钟杯”河南赛区洛阳||“逯博士杯”预选赛规程|||| 一、指导单位：中国象棋协会|| 二、主办单位：河南省棋类协会、栾川县教育体育局|| 三、承办单位：洛阳市棋类协会、栾川县象棋棋协|| 四、冠名及赞助单位：|| 　　郑州晨钟（陈中）教育集团|| 　　洛阳康建宁生物科技有限公司　 || 　　栾川伊水路飘香粥棚　　　　　　　　　　　　　|| 五、协办单位：栾川县旅工委、栾川县养子沟景区管理处|| 六、赛事官网：中国智力运动网、中国象棋大师网、广东象棋网|| 七、推广单位：栾川电视台、栾川全息影视传媒|| 八、比赛日期和地点：2017年8月21日至23日在栾川县养子沟景区“七星园”　度假山庄举行。|| 九、比赛组别：|| （一）公开组：1957年1月1日—2000年12月31日出生；|| （二）老年组：1956年12月31日前出生，70　周岁以上的参赛人员需有家属陪同；|| （三）少年组：2001年1月1日-2005年12月31日出生，男女分别录取成绩。|| （四）儿童组：2006年1月1日后出生，男女分别录取成绩。|| （五）团体赛仅限洛阳市九县六区，每县、区各组4名以上选手参赛，以成绩最好的4名参赛选手成绩作为团体赛的成绩。|| 十、参赛资格|| 凡我省区常住人口，身体健康、适合参加本项运动，比赛报名时未获得国家级运动健将（象棋大师）及以上称号的象棋爱好者均可报名。|| 十一、比赛办法|| （一）采用中国象棋协会审定的《2011象棋竞赛规则》。|| （二）各组别根据报名人数确定比赛办法，赛前以《补充通知》形式公告。|| 十二、录取名次|| （一）公开组录取前12名并给以奖励；各组前三名（洛阳籍）获得参加河南赛区总决赛资格。|| （二）各组别冠军（洛阳籍）获得洛阳“逯博士杯”预选赛棋王称号；|| （三）根据中国象棋协会技术等级标准申请相应技术等级，（证书按现行价格的50%　收取）。|| （四）团体赛录取8名予以奖励。|| 十三、报名与报到：|| 本次比赛面向全社会，凡象棋爱好者均可报名。非栾川藉棋手每人30元报名费，团体赛报名费100元　。栾川藉棋手每人20元报名费。|| 报名咨询电话： 高同知15637909666，陈海松15194403940，王万飞15324614168，也可采用洛阳象棋研究会微信群和（栾川）君山象棋微信群跟帖报名，限报120人，按报名时间顺序报满截止，报名截止时间8月18日下午5点。参赛棋手必须身体健康，自行办理意外伤害保险，报到时签订免责协议。|| 十四、奖励办法：|| （1）公开组个人录取前12　名：|| 第一名3000元；|| 第二名2000元；|| 第三名1000元；|| 第四至八名各500元；|| 九至十二名200元。|| 栾川藉棋手成年组奖前10名:||第一名800元|| 第二名600元|| 第三名500元|| 第四名300元|| 第五名至十名各100元|| 栾川籍棋手可重复领奖。|| 老年组、少年组、儿童组根据报名情况前若干名有奖（赛前另行通知）。|| （2）团体赛录取前8名：|| 第一名价值3000元奖品；|| 第二名价值2000元奖品；|| 第三名价值1000元奖品；|| 第四至六名各价值500元奖品；|| 第七至八名价值200元奖品。|| 十五、裁判和仲裁委员会|| 裁判长由河南省棋类协会选派，裁判员由承办单位选调。|| 十六、未尽事项另行通知[/DhtmlXQ_comment0]
[DhtmlXQ_comment1]2017年全国象棋业余棋王赛洛阳逯博士杯预选赛第09轮后即时排行[仅供参考]||||排名 编号 姓名 团体 积分 对手分 胜局 出场 胜 和 负 备注 ||官方排名 第08轮排行 本轮对阵 个人第09轮后即时排行 胜率统计 第01轮排行 官方排名 ||1 46 颜成龙 南阳 15 108 6 9 6 3 0 108 ||2 22 侯文博 郑州 15 103 6 9 6 3 0 103 ||3 8 杨铭 郑州 14 101 6 9 6 2 1 101 ||4 2 黄华 逯博士队 14 98 7 9 7 0 2 98 ||5 69 刘小应 焦作 14 89 5 9 5 4 0 89 ||6 10 宛龙 漯河 13 103 5 9 5 3 1 103 ||7 71 酒保安 济源 13 100 5 9 5 3 1 100 ||8 15 周长存 兰花村队 13 95 6 9 6 1 2 95 ||9 66 张会平 逯博士队 13 93 6 9 6 1 2 93 ||10 38 吕治斌 兰花村队 13 89 5 9 5 3 1 89 ||11 62 刘龙 北京 12 102 5 9 5 2 2 102 ||11 73 李立营 焦作 12 102 5 9 5 2 2 102 ||13 20 李悦军 郑州 12 98 5 9 5 2 2 98 ||14 17 赵峰 周口 12 97 5 9 5 2 2 97 ||15 43 王文献* 飘香粥棚队 12 90 5 9 5 2 2 90 ||16 32 郭学武* 栾川潭头队 12 89 6 9 6 0 3 89 ||17 27 张婉昱女 郑州 12 89 5 9 5 2 2 89 ||18 75 李进峰 偃师少儿棋院 12 85 5 9 5 2 2 85 ||19 4 杨海潮 偃师少儿棋院 11 103 4 9 4 3 2 103 ||19 30 马峰强 汝阳队 11 103 4 9 4 3 2 103 ||21 65 张建利 汝阳队 11 101 5 9 5 1 3 101 ||22 3 魏宪立 河南洛阳 11 95 5 9 5 1 3 95 ||23 48 郝朝光 偃师少儿棋院 11 94 4 9 4 3 2 94 ||24 40 刘超亮 汝阳队 11 93 5 9 5 1 3 93 ||25 84 张立 逯博士队 11 90 5 9 5 1 3 90 ||26 59 高林坡 嵩县队 11 86 5 9 5 1 3 86 ||27 18 马福顺 许昌 11 83 5 9 5 1 3 83 ||28 74 赵江伟 嵩县队 11 81 5 9 5 1 3 81 ||29 67 宋龙伟 逯博士队 11 80 5 9 5 1 3 80 ||30 41 赵辉 开封 11 79 5 9 5 1 3 79 ||31 39 李合渠 逯博士队 11 70 5 9 5 1 3 70 ||32 49 吕晓飞 汝阳队 10 94 5 9 5 0 4 94 ||33 92 赵天永老 . 10 88 5 9 5 0 4 88 ||34 99 马战峰 汝阳队 10 83 3 9 3 2 3 83.5 ||35 72 李宏坡 偃师少儿棋院 10 81 4 9 4 2 3 81 ||35 79 徐九卿* 飘香粥棚队 10 81 4 9 4 2 3 81 ||37 91 张石明老 . 10 79 4 9 4 2 3 79 ||38 12 黄建中 逯博士队 10 78 5 9 5 0 4 78 ||39 34 牛金瑛* 栾川秋扒队 10 76 4 9 4 2 3 76 ||40 56 朱九丞 郑州 10 74 4 9 4 2 3 74 ||41 5 董开锁 嵩县队 10 72 5 9 5 0 4 72 ||42 53 杨云飞儿 漯河 10 63 4 9 4 2 3 63 ||43 78 刘军波 三门峡 9 96 4 9 4 1 4 96 ||44 44 郭继胜 三门峡 9 94 4 9 4 1 4 94 ||45 55 周静贤 偃师少儿棋院 9 93 4 9 4 1 4 93 ||46 83 王京治 洛阳 9 90 4 9 4 1 4 90 ||47 82 张涛 郑州 9 90 3 9 3 3 3 90 ||48 31 宋建勇* 飘香粥棚队 9 85 4 9 4 1 4 85 ||49 29 杨洪 焦作 9 84 4 9 4 1 4 84 ||50 94 董正祥老 . 9 83 2 9 2 5 2 83 ||51 16 王发强 栾川 9 79 4 9 4 1 4 79 ||52 7 王宇赫儿 郑州 9 77 3 9 3 3 3 77 ||53 19 李承进儿 漯河 9 75 4 9 4 1 4 75 ||54 24 闫泽阳少 洛阳 9 69 3 9 3 3 3 69 ||55 88 武全明老 平顶山 9 66 4 9 4 1 4 66 ||56 87 肖若多老 三门峡 8 91 2 9 2 4 3 91 ||57 6 胡坤博* 兰花村队 8 89 3 9 3 2 4 89 ||58 37 李建方* 全息影视队 8 88 4 9 4 0 5 88 ||59 86 常太刚* 全息影视队 8 88 3 9 3 2 4 88 ||60 35 张保贤* 栾川秋扒队 8 82 3 9 3 2 4 82 ||61 21 李新彥* 全息影视队 8 80 3 9 3 2 4 80 ||62 93 刘宏庄老 . 8 76 2 9 2 4 3 76 ||63 85 王辰生* 兰花村队 8 75 3 9 3 2 4 75 ||64 97 徐景宏老 栾川潭头队 8 70 3 9 3 2 4 70 ||65 80 杨林晓* 飘香粥棚队 8 68 4 9 4 0 5 68 ||66 57 周明 洛阳 8 67 4 9 4 0 5 67 ||67 52 王希贤少 漯河 8 63 4 9 4 0 5 63 ||68 47 张新圈老 栾川潭头队 8 60 3 9 3 2 4 60 ||69 1 安冠军 汝阳 7 81 3 9 3 1 5 81 ||70 77 王永 新乡获嘉 7 79 3 9 3 1 5 79 ||71 28 宋春生* 栾川秋扒队 7 73 3 9 3 1 5 73 ||72 63 许运通* 全息影视队 7 72 3 9 3 1 5 72 ||73 95 宗景汉老 . 7 72 2 9 2 3 4 72 ||74 26 李芮阳少 漯河 7 68 3 9 3 1 5 68 ||75 60 古宇隆 个人 7 66 2 9 2 3 4 66 ||76 96 王银法老 栾川潭头队 7 65 2 9 2 3 4 65 ||77 25 曹峰* 飘香粥棚队 6 86 3 9 3 0 6 86 ||78 76 乔怀安 伊川 6 81 3 9 3 0 6 81 ||79 14 马镇坤少 汝阳 6 80 3 9 3 0 6 80 ||80 45 王金仿* 全息影视队 6 80 2 9 2 2 5 80 ||81 50 潘志航少 驻马店 6 71 3 9 3 0 6 71 ||81 51 高海洋儿 漯河 6 71 3 9 3 0 6 71 ||81 70 任泽源儿 汝阳 6 71 3 9 3 0 6 71 ||84 9 吕灿旭少 汝阳 6 67 3 9 3 0 6 67 ||85 81 张延涛* 栾川潭头队 6 62 3 9 3 0 6 62 ||86 61 张广耀* 栾川秋扒队 6 55 3 9 3 0 6 55.5 ||87 13 刘廷翔儿 汝阳 6 46 3 9 3 0 6 46.5 ||88 54 闫铁庄 嵩县队 5 73 2 9 2 1 6 73 ||89 68 王萧凯少 汝阳 5 60 2 9 2 1 6 60 ||90 98 胡献老 栾川潭头队 5 53 2 9 2 1 5 53 ||91 23 时利安 伊川 4 87 2 9 2 0 7 87 ||92 36 马镇乾少 汝阳 4 54 1 9 1 2 6 54 ||93 33 狄甲林儿 汝阳 3 59 1 9 1 1 7 59 ||94 42 马宇航少 汝阳 2 48 1 9 1 0 7 48.5 ||95 64 张光宜* 全息影视队 1 47 0 6 0 1 5 47 ||96 58 申志良 洛阳 0 36 0 6 0 0 6 36 ||97 11 邱海姣* 栾川 0 10 0 1 0 0 1 10 ||98 89 黄新江老 栾川 0 0 0 1 0 0 0 0 ||98 90 庞福江老 栾川 0 0 0 1 0 0 0 0 ||排序规则：积分，对手分，胜局||轮空选手对手分按[固定]分数[0]分计算，弃权选手对手分按[对手实际积分]计算 |||| ||比赛组别： 比赛时间：2017-08-23 09:30 比赛地点：栾川县养子沟景区七星园度假山庄 信息反馈：QQ88081492 ||裁 判 长：赵越超 编 排 长：王宪英 软件资料：电脑编排大师软件 网页制作：东萍象棋网[/DhtmlXQ_comment1]
[DhtmlXQ_type]实战全局/开局[/DhtmlXQ_type]
[DhtmlXQ_timerule][/DhtmlXQ_timerule]
[DhtmlXQ_endtype][/DhtmlXQ_endtype]
[DhtmlXQ_owner][/DhtmlXQ_owner]
[DhtmlXQ_firstnum]0[/DhtmlXQ_firstnum]
[DhtmlXQ_gametype]慢棋[/DhtmlXQ_gametype]
[DhtmlXQ_generator]www.chasoft.net[/DhtmlXQ_generator]
[DhtmlXQ_gamepreview]3715db478ee8.png[/DhtmlXQ_gamepreview]
[/DhtmlXQ]


