[DhtmlXQ]
[DhtmlXQ_ver]www_vietcotuong_com[/DhtmlXQ_ver]
[DhtmlXQ_init]500,350[/DhtmlXQ_init]
[DhtmlXQ_title]浙江 黄竹风 胜 徐州 陈启欢[/DhtmlXQ_title]
[DhtmlXQ_event]2013年江苏省第22届金箔杯象棋公开赛[/DhtmlXQ_event]
[DhtmlXQ_date]2012-03-16 13:30-15:00[/DhtmlXQ_date]
[DhtmlXQ_place]江苏棋院[/DhtmlXQ_place]
[DhtmlXQ_round]第03轮[/DhtmlXQ_round]
[DhtmlXQ_table]第02台[/DhtmlXQ_table]
[DhtmlXQ_red]黄竹风[/DhtmlXQ_red]
[DhtmlXQ_redteam]浙江[/DhtmlXQ_redteam]
[DhtmlXQ_redrating][/DhtmlXQ_redrating]
[DhtmlXQ_blacktime][/DhtmlXQ_time]
[DhtmlXQ_black]陈启欢[/DhtmlXQ_black]
[DhtmlXQ_blackteam]徐州[/DhtmlXQ_blackteam]
[DhtmlXQ_blackrating][/DhtmlXQ_blackrating]
[DhtmlXQ_blacktime][/DhtmlXQ_time]
[DhtmlXQ_result]红胜[/DhtmlXQ_result]
[DhtmlXQ_open]E46 对兵转兵底炮[/DhtmlXQ_open]
[DhtmlXQ_remark][/DhtmlXQ_remark]
[DhtmlXQ_author][/DhtmlXQ_author]
[DhtmlXQ_binit]0919293949596979891777062646668600102030405060708012720323436383[/DhtmlXQ_binit]
[DhtmlXQ_movelist]2625636477672042798770628979807079757282757062701747706219273041091910311914828114341222475731123414122029478384676841305767627466658161273574866766867466567462656461646862226235432324565462824364426425240002242302425444504144458287698760822322[/DhtmlXQ_movelist]
[DhtmlXQ_comment0]　　2013年江苏省第22届“金箔杯”象棋公开赛规程||||　　一、主办：江苏省棋类运动协会、南京金箔集团||||　　二、比赛地点和时间：||||　　比赛地点：江苏棋院||　　第一轮：2012年3月16日上午8:30—10:00||　　第二轮：2012年3月16日上午10:30—12:00||　　第三轮：2012年3月16日下午13:30—15:00||　　第四轮：2012年3月16日下午15:30—17:00||　　第五轮：2012年3月17日上午8:30—10:00||　　第六轮：2012年3月17日上午10:30—12:00||　　第七轮：2012年3月17日下午13:30—15:00||||　　32进16决赛2012年3月17日下午15:30—17:00||　　16进8决赛2012年3月18日上午8:30—10:00||　　8进4决赛2012年3月18日上午10:30—12:00||　　4进2决赛2012年3月18日下午13:30—15:00||　　决赛2012年3月18日下午15:30—17:00||||　　三、报名方法：报名费：100元。||||　　外地报名请将报名费邮汇到：南京市五台山1—6号江苏棋院 何鸣 收，邮编210029，电话（025）51888638，传真（025）86608792||　　本次比赛限报120人，额满为止，最终3月15日16:00报名截止。未交报名费者不予编排。||||　　四、竞赛办法：||　　1、执行国家体育总局审定的《2011 年象棋竞赛规则》。||　　2、第一阶段进行7轮积分编排，取前32名进入第二阶段。||　　第二阶段采用淘汰制，如果弈和，休息10分钟后加赛快棋（每方10分钟）。如再弈和，则休息5分钟后继续加赛（每方5分钟），以此类推，直至分出胜负。||　　3、由电脑编排，同单位棋手不回避。||　　4、采用40回合自然限着（棋手须向裁判提出）。||　　5、积分编排赛名次区分办法：积分、对手分、胜局、犯规、后走胜局、后走局数、前一轮成绩，直至名次区分。||||　　五、比赛时限：||　　每方35分钟基本用时，每走一步加5秒。||||　　六、录取名次||　　录取前16名。冠军10000元、第2名5000元、第3名3500元、第4名2500元、第5至第8名均为800元。第9到16名均为500元。||||　　七、根据比赛成绩，颁发中国象棋协会《象棋业余等级证书》（证书工本费自理）。||　　八、邀请扬子晚报、金陵晚报、江苏电视台，象棋网站等新闻单位进行宣传。||　　九、本规程解释权属江苏省棋类运动协会。||||　　江苏省棋类运动协会||　　2013年2月18日[/DhtmlXQ_comment0]
[DhtmlXQ_comment1]2013年江苏省第22届金箔杯象棋公开赛预赛第07轮后即时排行[仅供参考]排名 编号 姓名 团体 积分 对手分 胜局 出场 胜 和 负 备注 ||第06轮排行 本轮对阵 个人第07轮后即时排行 胜率统计 第01轮排行 ||1 77 黄竹风 浙江 12 66 5 7 5 2 0 66 ||2 112 于幼华 浙江 12 56 5 7 5 2 0 56 ||3 58 王子梦 淮安 11 60 4 7 4 3 0 60 ||4 82 赵玮 上海 11 57 4 7 4 3 0 57 ||5 123 王兴业 河南 10 65 4 7 4 2 1 65 ||6 116 张兰天 上海 10 62 3 7 3 4 0 62 ||7 75 蔡佑广 广东 10 61 3 7 3 4 0 61 ||8 5 袁福来 南京 10 58 3 7 3 4 0 58 ||8 69 朱晓虎 泰州 10 58 3 7 3 4 0 58 ||10 130 谢尚有 浙江 10 57 4 7 4 2 1 57 ||11 22 赵子雨 河南 10 57 3 7 3 4 0 57 ||11 106 程鸣 泰州 10 57 3 7 3 4 0 57 ||13 38 赵陈 蚌埠 10 56 4 7 4 2 1 56 ||14 13 陈启欢 徐州 10 55 4 7 4 2 1 55 ||15 67 王靖 芜湖 10 55 3 7 3 4 0 55 ||16 53 刘宗泽 湖北 10 53 4 7 4 2 1 53 ||16 55 章磊 南京 10 53 4 7 4 2 1 53 ||18 35 孟苒 江都 10 52 4 7 4 2 1 52 ||19 94 刘玉林 马鞍山 10 51 4 7 4 2 1 51 ||20 64 潘攀 河南 10 50 5 7 5 0 2 50 ||21 16 徐东 苏州 10 48 5 7 5 0 2 48 ||22 43 张志明 马鞍山 10 46 4 7 4 2 1 46 ||23 44 吴欣洋 镇江 9 65 4 7 4 1 2 65 ||24 25 刘奕达 上海 9 63 2 7 2 5 0 63 ||25 12 尹志勇 南京 9 61 3 7 3 3 1 61 ||25 91 程吉俊 浙江 9 61 3 7 3 3 1 61 ||27 24 管志年 南京 9 60 4 7 4 1 2 60 ||27 37 吕载 永康 9 60 4 7 4 1 2 60 ||29 52 刘子健 南京 9 60 3 7 3 3 1 60 ||30 93 吴文虎 镇江 9 59 3 7 3 3 1 59 ||31 29 王廓 上海 9 58 2 7 2 5 0 58 ||32 4 赵剑 徐州 9 57 3 7 3 3 1 57 ||32 128 王家瑞 浙江 9 57 3 7 3 3 1 57 ||34 42 孙逸阳 泰州 9 56 3 7 3 3 1 56 ||34 105 李炳贤 浙江 9 56 3 7 3 3 1 56 ||36 71 鲁天 徐州 9 53 4 7 4 1 2 53 ||36 89 言缵昭 南京 9 53 4 7 4 1 2 53 ||36 113 胡克强 安徽 9 53 4 7 4 1 2 53 ||36 121 李树洲 浙江 9 53 4 7 4 1 2 53 ||36 125 徐崇峰 浙江 9 53 4 7 4 1 2 53 ||41 86 蒋尚津 浙江 9 49 3 7 3 3 1 49 ||42 49 刘磊 铜陵 9 46 3 7 3 3 1 46 ||43 76 赵勇霖 山东 8 56 3 7 3 2 2 56 ||44 118 姚瑞 湖北 8 53 4 7 4 0 3 53 ||45 107 沈健 镇江 8 53 3 7 3 2 2 53 ||45 127 季彦鑫 无锡 8 53 3 7 3 2 2 53 ||47 50 胡建安 南京 8 52 3 7 3 2 2 52 ||48 46 王广书 徐州 8 50 4 7 4 0 3 50 ||48 62 张浩君 泰州 8 50 4 7 4 0 3 50 ||50 117 陈星宇 浙江 8 46 3 7 3 2 2 46 ||51 100 卞国民 张家港 8 45 4 7 4 0 3 45 ||52 34 张志刚 马鞍山 8 45 3 7 3 2 2 45 ||53 65 方明星 嵊泗县 8 44 4 7 4 0 3 44 ||54 23 张威 湖北 8 41 4 7 4 0 3 41 ||55 119 赵炳南 南京 8 39 4 7 4 0 3 39 ||56 28 傅万国 舟山 7 62 3 7 3 1 3 62 ||57 126 卢波 湖北 7 59 3 7 3 1 3 59 ||58 56 刘宝兴 马鞍山 7 58 3 7 3 1 3 58 ||59 68 张海涛 南京 7 58 2 7 2 3 2 58 ||60 47 周群 盐城 7 57 3 7 3 1 3 57 ||61 11 王云飞 泰州 7 55 2 7 2 3 2 55 ||62 17 王建鸣 马鞍山 7 54 3 7 3 1 3 54 ||63 84 任依皓 镇江 7 53 3 7 3 1 3 53 ||64 36 衡昕 南京 7 50 3 7 3 1 3 50 ||64 39 李荣 马鞍山 7 50 3 7 3 1 3 50 ||66 59 童本平 南京 7 49 3 7 3 1 3 49 ||66 85 叶至周 南京 7 49 3 7 3 1 3 49 ||68 18 范越 镇江 7 48 3 7 3 1 3 48 ||69 88 吴坪 张家港 7 47 3 7 3 1 3 47 ||70 66 雷鸣 江阴 7 45 3 7 3 1 3 45 ||70 122 蔡林宝 丹阳 7 45 3 7 3 1 3 45 ||72 48 张骥 马鞍山 7 45 2 7 2 3 2 45 ||73 129 葛晓征 丹阳 7 43 3 7 3 1 3 43 ||74 115 侯进 湖北 6 56 3 7 3 0 4 56 ||75 124 潘平正 安徽 6 55 1 7 1 4 2 55 ||76 3 何海东 苏州 6 53 3 7 3 0 4 53 ||76 120 黄辰祎 张家港 6 53 3 7 3 0 4 53 ||78 33 郑宇航 泰州 6 51 2 7 2 2 3 51 ||79 78 李明生 南京 6 50 3 7 3 0 4 50 ||79 92 张凤鸣 江阴 6 50 3 7 3 0 4 50 ||81 19 朱以欣 南京 6 49 3 7 3 0 4 49 ||82 51 廖三林 江西 6 48 3 7 3 0 4 48 ||83 70 童鹏飞 滁州 6 47 3 7 3 0 4 47 ||83 99 胡森 扬州 6 47 3 7 3 0 4 47 ||85 26 吴俊峰 蚌埠 6 47 2 7 2 2 3 47 ||85 90 安娜 湖南 6 47 2 7 2 2 3 47 ||87 96 陈苏怡 南通 6 47 1 7 1 4 2 47 ||88 98 董嘉琦 上海 6 46 3 7 3 0 4 46 ||89 72 高云路 常州 6 45 2 7 2 2 3 45 ||90 61 张专政 杭州 6 44 3 7 3 0 4 44 ||91 6 徐波 昆山 6 44 1 7 1 4 2 44 ||92 1 程鹏程 合肥 6 43 3 7 3 0 4 43 ||93 32 孙鹏彬 南京 6 43 2 7 2 2 3 43 ||94 79 邵建中 扬州 6 40 3 7 3 0 4 40 ||95 14 顾志刚 江阴 6 39 3 7 3 0 4 39 ||95 110 吴毓慧 镇江 6 39 3 7 3 0 4 39 ||97 45 胡永东 泗洪 6 39 2 7 2 2 3 39 ||98 104 马群 湖北 6 38 2 7 2 2 3 38 ||99 20 张慕鸿 泰州 6 36 3 7 3 0 4 36 ||100 10 胡振华 上海 5 52 2 7 2 1 4 52 ||100 87 丁百川 马鞍山 5 52 2 7 2 1 4 52 ||102 15 陆子斌 南京 5 45 2 7 2 1 4 45 ||103 101 董毓男 苏州 5 41 2 7 2 1 4 41 ||103 111 孙荣斌 阜宁 5 41 2 7 2 1 4 41 ||105 74 曹春明 南京 5 40 2 7 2 1 4 40 ||106 57 朱子渐 南京 5 38 2 7 2 1 4 38 ||107 7 张天琰 南京 5 37 2 7 2 1 4 37 ||108 8 俞启凡 射阳 5 34 2 7 2 1 4 34 ||109 9 管宏宇 无锡 4 45 1 7 1 2 4 45 ||109 95 许统才 无锡 4 45 1 7 1 2 4 45 ||109 109 庄艳忠 福建 4 45 1 7 1 2 4 45 ||112 54 方子奕 镇江 4 44 2 7 2 0 5 44 ||113 40 喻胜宝 泗洪 4 43 1 7 1 2 4 43 ||114 41 陶亭羽 徐州 4 38 2 7 2 0 5 38 ||115 80 邓海韵 镇江 4 37 2 7 2 0 5 37 ||116 2 孙奕 南京 4 37 1 7 1 2 4 37 ||117 27 陈烨 扬州 4 33 2 7 2 0 5 33 ||117 108 陈文安 舟山 4 33 2 7 2 0 5 33 ||119 31 邵梦琦 镇江 4 31 2 7 2 0 5 31 ||120 83 顾羽乔 江阴 3 42 1 7 1 1 5 42 ||121 81 汪兵兵 常熟 3 41 1 7 1 1 5 41 ||122 114 高家煊 南京 3 37 1 7 1 1 5 37 ||123 30 章俊成 南京 3 36 1 7 1 1 5 36 ||124 103 吴若勇 南京 2 38 1 7 1 0 6 38 ||125 63 颜稚轩 镇江 2 30 1 7 1 0 6 30 ||126 102 林琴思 上海 2 27 1 4 1 0 3 27 ||127 73 童栎滈 马鞍山 1 35 0 7 0 1 6 35 ||128 60 寇二刚 南京 0 33 0 5 0 0 5 33 ||129 21 周时若 广东 0 25 0 4 0 0 4 25 ||130 97 韩俊 南京 0 23 0 5 0 0 5 23[/DhtmlXQ_comment1]
[DhtmlXQ_comment61]红胜[/DhtmlXQ_comment61]
[DhtmlXQ_type]实战全局/开局[/DhtmlXQ_type]
[DhtmlXQ_timerule]35分＋5秒[/DhtmlXQ_timerule]
[DhtmlXQ_endtype][/DhtmlXQ_endtype]
[DhtmlXQ_owner][/DhtmlXQ_owner]
[DhtmlXQ_firstnum]0[/DhtmlXQ_firstnum]
[DhtmlXQ_gametype]慢棋[/DhtmlXQ_gametype]
[DhtmlXQ_generator]www.ccbridge.net[/DhtmlXQ_generator]
[DhtmlXQ_gamepreview]3ee11d7a2bd7.png[/DhtmlXQ_gamepreview]
[/DhtmlXQ]


