[DhtmlXQ]
[DhtmlXQ_ver]www_vietcotuong_com[/DhtmlXQ_ver]
[DhtmlXQ_init]500,350[/DhtmlXQ_init]
[DhtmlXQ_title]广西 农鸿云 负 杭州 邵如凌冰[/DhtmlXQ_title]
[DhtmlXQ_event]2017年龙门水都杯第九届中国东盟象棋国际公开赛[/DhtmlXQ_event]
[DhtmlXQ_date]2017-09-24[/DhtmlXQ_date]
[DhtmlXQ_place]南宁龙门水都养心谷大酒店[/DhtmlXQ_place]
[DhtmlXQ_round]第01轮[/DhtmlXQ_round]
[DhtmlXQ_table]第05台[/DhtmlXQ_table]
[DhtmlXQ_red]农鸿云[/DhtmlXQ_red]
[DhtmlXQ_redteam]广西[/DhtmlXQ_redteam]
[DhtmlXQ_redrating][/DhtmlXQ_redrating]
[DhtmlXQ_blacktime][/DhtmlXQ_time]
[DhtmlXQ_black]邵如凌冰[/DhtmlXQ_black]
[DhtmlXQ_blackteam]杭州[/DhtmlXQ_blackteam]
[DhtmlXQ_blackrating][/DhtmlXQ_blackrating]
[DhtmlXQ_blacktime][/DhtmlXQ_time]
[DhtmlXQ_result]黑胜[/DhtmlXQ_result]
[DhtmlXQ_open]A53 仕角炮转反宫马对右中炮[/DhtmlXQ_open]
[DhtmlXQ_remark][/DhtmlXQ_remark]
[DhtmlXQ_author][/DhtmlXQ_author]
[DhtmlXQ_binit]0919293949596979891777062646668600102030405060708012720323436383[/DhtmlXQ_binit]
[DhtmlXQ_movelist]77571242192710227967708289798070091900101711232479744252574720426665304167557262747082705543626543556364698765664645103045443035553422344434525511183534186855456848454819103430103040303948706247373040294762548769543537366626[/DhtmlXQ_movelist]
[DhtmlXQ_comment0]2017年“龙门水都杯”第九届中国—东盟|| 　　象棋国际公开赛竞赛规程|| 　　一、办赛单位|| 　　（一）指导单位：中国象棋协会|| 　　（二）主办单位：南宁市体育局、南宁市体育总会|| 　　（三）承办单位：南宁市体育管理培训中心、广西龙门水都旅游开发有限公司、南宁市象棋协会|| 　　（四）协办单位：南宁市西乡塘区文新体局|| 　　二、比赛时间：2017年9月24日至26日|| 　　三、比赛地点：中国广西龙门水都文化生态旅游景区养心谷大酒店|| 　　四、竞赛项目：公开组个人赛|| 　　五、参赛资格：凡16周岁以上者、身体健康（65周岁以上须持县级以上医院健康检查证明）适合该项运动、有合法身份证明（身份证）的国内象棋爱好者及港澳台、海外棋手均可报名参赛。|| 　　六、竞赛办法：|| 　　（一）采用中国象棋协会审定的最新《象棋竞赛规则》。|| 　　（二）比赛采用积分编排制，共赛十一轮。|| 　　（三）比赛用时：每局棋每方基本用时30分钟，每走一步加10秒。|| 　　七、奖励办法：|| 　　（一）奖励前二十二名，奖金（人民币，税后）：第一名25000元、第二名12000元、第三名10000元、第四名6000元、第五名5000元、第六名4000元、第七名3000元、第八名2500元、第九名2000元、第十名1500元、第十一名1200元、第十二名1000元、第十三名900元、第十四名800元、第十五名750元、第十六名700元、第十七名650元、第十八名600元、第十九至二十二名各500元。|| 　　（二）获比赛前六名的棋手奖励牌匾1块。|| 　　（三）获比赛七至二十二名的棋手各奖励证书1本。|| 　　八、报名：|| 　　（一）报名参加比赛的棋手应身体健康。|| 　　（二）报名办法：|| 　　报名时需提交姓名、身份证号、联系电话，并缴纳赛事保证金人民币：100元/人（参加全部比赛结束后退还），另交快餐费100元/人（在龙门水都比赛期间三个午餐和一个晚餐费用）。凡是国家女子大师参赛每人补助500元（限10个名额），参赛名额为120名，报满为止。以缴纳赛事保证金和工作餐费完毕的报名确认为有效报名。参赛选手在比赛期间请自行购买人身意外伤害保险。报名联系方式如下：|| 　　报名地址：南宁市象棋协会（中国广西南宁市桃源路62号）|| 　　邮 编：530021||　　联系人：梁焜佳|| 　　手 机：+86—13807800642||　　电子邮箱：1812967465@qq.com||　　开 户 名：黄家敏|| 　　汇款开户行：中国建设银行南宁城北支行营业厅|| 　　账号：6217 0033 7000 2169 405||　　收款人手机：黄家敏 +86—13457089887||　　汇款后请用电话或手机短信核实，且报到时请参赛选手带汇款凭证报名。|| 　　（三）所有参赛棋手应于2017年9月13日前报名，逾期无效。|| 　　九、报到：|| 　　（一）请参赛棋手于2017年9月23日19:00前携带有效身份证件到中国广西南宁奥体宾馆（桃源路60-8号）服务总台报到，逾期未报到者，不安排比赛。|| 　　（二）9月23日20:00举行技术会议，请各运动员参加。会议地点：南宁市体育局机关办公楼8楼会议室（桃源路62号）|| 　　十、经费：|| 　　（一）外地参赛人员接受大会统一安排住宿（费用自理）； 统一时间、地点免费乘车来回比赛场地和宿地。|| 　　（二）其它费用棋手一切自理。|| 　　（三）酒店参考费用如下（奥体宾馆、碧玉宾馆）：140元/晚|| 　　十一、日程安排：|| 　　9月23日19:00前报到，20:00 -21:00技术会议。|| 　　9月24日-26日比赛。|| 　　9月27日 离会|| 　　十二、相关细则请关注组委会公告。|| 　　十三、请棋手着正装出席大会活动。|| 　　十四、本规程解释权属大会组委会，未尽事宜另行补充通知。[/DhtmlXQ_comment0]
[DhtmlXQ_comment1]2017年龙门水都杯第九届中国东盟象棋国际公开赛第11轮后即时排行[仅供参考]||||排名 编号 姓名 团体 积分 对手分 累进分 胜局 犯规 后手胜局 出场 胜 和 负 备注 ||第10轮排行 本轮对阵 个人第11轮后即时排行 胜率统计 第01轮排行 ||1 52 张学潮 广东 19 156 120 8 0 5 11 8 3 0 156 ||2 2 孟辰 天津 19 156 119 8 0 3 11 8 3 0 156 ||3 64 陈富杰 广东 16 153 105 6 0 3 11 6 4 1 153 ||4 71 杨辉 四川 16 148 99 6 0 3 11 6 4 1 148 ||5 80 苗永鹏 辽宁 16 146 107 6 0 4 11 6 4 1 146 ||6 46 姚洪新 河南 16 142 84 7 0 4 11 7 2 2 142 ||7 35 陈文宁 越南 16 140 94 7 0 3 11 7 2 2 140 ||8 109 刘宗泽 湖北 16 128 90 7 0 5 11 7 2 2 128 ||9 18 黄仕清 广西 15 158 101 6 0 4 11 6 3 2 158 ||10 111 张申宏 湖南 15 152 93 6 0 1 11 6 3 2 152 ||11 95 黎德志 广东 15 146 94 6 0 2 11 6 3 2 146 ||12 122 李翰林 山东 15 144 97 5 0 3 11 5 5 1 144 ||13 135 程宇东 广东 15 144 94 5 0 3 11 5 5 1 144 ||14 119 孙昕昊 杭州 15 138 89 6 0 3 11 6 3 2 138 ||15 22 徐昊 杭州 15 136 86 6 0 3 11 6 3 2 136 ||16 74 才溢 北京 15 135 89 6 0 3 11 6 3 2 135 ||17 3 邓有庄 越南 15 129 79 7 0 3 11 7 1 3 129 ||18 73 邓少孟 广西 14 147 91 6 0 3 11 6 2 3 147 ||19 127 李禹 广东 14 145 85 3 0 2 11 3 8 0 145 ||20 17 黄光颖 广东 14 145 84 6 0 2 11 6 2 3 145 ||21 4 邓桂林 广西 14 141 85 6 0 3 11 6 2 3 141 ||22 112 赵殿宇 河北 14 140 79 5 0 1 11 5 4 2 140 ||23 94 宗室日新 越南 14 139 88 6 0 2 11 6 2 3 139 ||24 72 蒋融冰 上海 14 136 74 5 0 2 11 5 4 2 136 ||25 138 程龙 开滦 14 135 86 3 0 2 11 3 8 0 135 ||26 21 梁辅聪 广西 14 133 80 6 0 3 11 6 2 3 133 ||27 62 华辰昊 上海 14 131 91 5 0 2 11 5 4 2 131 ||28 84 李学淏 山东 14 128 85 5 0 2 11 5 4 2 128 ||29 54 陆安京 广西 14 127 84 7 0 3 11 7 0 4 127 ||30 126 吴金永 辽宁 13 152 88 4 0 2 11 4 5 2 152 ||31 90 左代元 贵州 13 148 96 6 0 5 11 6 1 4 148 ||32 81 林辉宇 广西 13 147 93 5 0 2 11 5 3 3 147 ||33 102 窦超 开滦 13 139 92 4 0 2 11 4 5 2 139 ||34 128 蔡裕广 广东 13 136 83 4 0 3 11 4 5 2 136 ||35 36 郭凤达 杭州 13 136 76 5 0 1 11 5 3 3 136 ||36 108 陈湖海 广西 13 134 82 6 0 2 11 6 1 4 134 ||37 20 吕官达 广西 13 133 91 6 0 2 11 6 1 4 133 ||38 104 赵旸鹤 杭州 13 129 80 4 0 0 11 4 5 2 129 ||39 8 石才贯 广西 13 129 79 4 0 1 11 4 5 2 129 ||40 5 黄运兴 大马 13 129 78 6 0 2 11 6 1 4 129 ||41 136 朱少钧 广东 13 129 68 5 0 3 11 5 3 3 129 ||42 97 邓如军 广西 13 127 70 6 0 3 11 6 1 4 127 ||43 115 秦荣 广西 13 123 76 4 0 1 11 4 5 2 123 ||44 44 韦海东 广西 13 123 71 6 0 4 11 6 1 4 123 ||45 26 吴欣洋 杭州 13 109 68 6 0 3 11 6 1 4 109 ||46 27 杨添任 大马 12 150 86 5 0 1 11 5 2 4 150 ||47 42 蔡应忠 广西 12 135 73 5 0 4 11 5 2 4 135 ||48 82 蒋凤山 开滦 12 133 75 4 0 2 11 4 4 3 133 ||49 132 陈应贤 广西 12 132 75 5 0 3 11 5 2 4 132 ||50 65 叶成俊 广西 12 131 86 5 0 2 11 5 2 4 131 ||51 124 茹一淳 杭州 12 131 82 3 0 1 11 3 6 2 131 ||52 63 粱运龙 广东 12 130 72 5 0 2 11 5 2 4 130 ||53 49 林庆 广西 12 128 78 6 0 2 11 6 0 5 128 ||54 131 时凤兰 广东 12 126 73 4 0 2 11 4 4 3 126 ||55 139 谢艺 广东 12 125 67 5 0 2 11 5 2 4 125 ||56 96 蓝向农 广西 12 124 62 5 0 3 11 5 2 4 124 ||57 34 刘小平 广西 12 122 76 6 0 2 11 6 0 5 122 ||58 78 罗凯 广西 12 119 67 4 0 1 11 4 4 3 119 ||59 11 苏宇刚 广西 12 115 65 5 0 3 11 5 2 4 115 ||60 38 董嘉琦 上海 12 114 70 4 0 2 11 4 4 3 114 ||61 98 陈振宇 广东 11 152 79 3 0 2 11 3 5 3 152 ||62 86 左治 杭州 11 143 86 3 0 1 11 3 5 3 143 ||63 140 王疆 广西 11 138 73 4 0 1 11 4 3 4 138 ||64 33 李沁 辽宁 11 138 71 2 0 1 11 2 7 2 138 ||65 125 陈振华 广西 11 136 75 5 0 3 11 5 1 5 136 ||66 117 覃晖 广西 11 134 69 5 0 3 11 5 1 5 134 ||67 85 张伟 天津 11 132 79 5 0 3 11 5 1 5 132 ||68 114 涂世明 上海 11 129 73 4 0 1 11 4 3 4 129 ||69 100 何明升 广西 11 129 72 5 0 2 11 5 1 5 129 ||70 77 杨小平 广西 11 127 65 4 0 1 11 4 3 4 127 ||71 32 武明一 越南 11 126 67 5 0 3 11 5 1 5 126 ||72 10 邵如凌冰 杭州 11 123 78 5 0 2 11 5 1 5 123 ||73 45 禤阶 广西 11 121 58 5 0 2 11 5 1 5 121 ||74 23 张永清 云南 11 120 67 5 0 4 11 5 1 5 120 ||75 59 朱罔 广西 11 114 70 4 0 2 11 4 3 4 114 ||76 31 秦劲松 广西 11 112 71 4 0 2 11 4 3 4 112 ||77 134 周富敬 广西 11 112 59 4 0 1 11 4 3 4 112 ||78 66 李鎣 浙江 11 110 59 5 0 1 11 5 1 5 110 ||79 133 陈益凡 广西 11 110 59 4 0 3 11 4 3 4 110 ||80 7 江献生 广西 11 104 48 5 0 3 11 5 1 5 104 ||81 15 张玄弈 杭州 11 102 61 4 0 1 11 4 3 4 102 ||82 43 林维 广西 10 127 73 4 0 2 11 4 2 5 127 ||83 88 刘继峰 黑龙江 10 126 66 3 0 1 11 3 4 4 126 ||84 24 李斌 广西 10 120 56 5 0 1 11 5 0 6 120 ||85 87 陈道洪 广西 10 118 61 3 0 1 11 3 4 4 118 ||86 41 钟荣秋 广西 10 116 62 5 0 4 11 5 0 6 116 ||87 113 韦庆 广西 10 115 64 3 0 2 11 3 4 4 115 ||88 92 霍翔麟 广西 10 115 53 4 0 1 11 4 2 5 115 ||89 12 张洪培 广西 10 112 48 5 0 1 11 5 0 6 112 ||90 93 蒙景清 广西 10 111 55 4 0 2 11 4 2 5 111 ||91 47 许裕壮 广西 10 109 57 4 0 2 11 4 2 5 109 ||92 50 阮大勝 越南 10 109 53 4 0 3 11 4 2 5 109 ||93 123 叶海帆 香港 10 108 58 5 0 2 11 5 0 6 108 ||94 103 梁洪 广西 10 108 53 4 0 1 11 4 2 5 108 ||95 28 廖永达 广西 10 107 62 4 0 3 11 4 2 5 107 ||96 89 宋秉吾 广西 10 107 51 4 0 1 11 4 2 5 107 ||97 99 历嘉宁 辽宁 10 104 51 3 0 1 11 3 4 4 104 ||98 129 武善宝 越南 10 99 46 5 0 2 11 5 0 6 99 ||99 6 冯成贵 广西 10 98 41 3 0 2 11 3 4 4 98 ||100 70 游凯 四川 10 83 42 5 0 3 11 5 0 6 83 ||101 75 陈雅伦 广西 9 119 61 4 0 2 11 4 1 6 119 ||102 1 廖千鋆 广西 9 116 48 4 0 1 11 4 1 6 116 ||103 137 高家煊 杭州 9 111 57 4 0 2 11 4 1 6 111 ||104 118 李镇江 广西 9 110 59 4 0 2 11 4 1 6 110 ||105 106 高德鸣 广西 9 106 51 4 0 3 11 4 1 6 106 ||106 58 何慧洪 福建 9 100 52 4 0 3 11 4 1 6 100 ||107 67 金黎戟 上海 9 99 52 3 0 2 11 3 3 5 99 ||108 68 林泳 广西 9 94 43 4 0 2 11 4 1 6 94 ||109 130 冯运锡 云南 9 87 39 4 0 3 11 4 1 6 87 ||110 25 黎建钰 广西 8 132 66 3 0 0 11 3 2 6 132 ||111 116 谢振宁 广西 8 119 57 3 0 1 11 3 2 6 119 ||112 55 蒋家斌 云南 8 114 60 4 0 2 11 4 0 7 114 ||113 121 余健 广西 8 113 50 4 0 4 11 4 0 7 113 ||114 40 武国山 越南 8 108 58 4 0 1 11 4 0 7 108 ||115 16 林键华 马来西亚 8 108 46 3 0 2 11 3 2 6 108 ||115 83 周以林 广西 8 108 46 3 0 2 11 3 2 6 108 ||117 37 陈守同 上海 8 100 38 4 0 2 11 4 0 7 100 ||118 69 周刚 贵州 8 98 44 4 0 2 11 4 0 7 98 ||119 107 梁仕昇 广西 8 96 36 4 0 2 11 4 0 7 96 ||120 57 郑江云 云南 8 91 39 1 0 1 11 1 6 4 91 ||121 76 黄武杰 广西 8 82 27 3 0 2 11 3 2 6 82 ||122 110 王立坚 湖南 8 80 39 2 0 0 11 2 4 5 80 ||123 39 陆海 广西 8 78 36 4 0 2 11 4 0 7 78 ||124 60 李冠男 辽宁 7 120 51 3 0 2 11 3 1 7 120 ||125 91 廖庆刚 广西 7 101 39 3 0 1 11 3 1 7 101 ||126 48 黄德海 广西 7 95 32 3 0 2 11 3 1 7 95 ||127 30 陈裕干 广西 7 84 37 3 0 3 11 3 1 7 84 ||128 13 张有为 大马 6 111 46 2 0 2 11 2 2 7 111 ||129 53 李徳正 越南 6 109 38 3 0 0 11 3 0 8 109 ||130 9 农鸿云 广西 6 107 42 3 0 1 11 3 0 8 107 ||131 120 秦柱秋 广东 6 105 38 3 0 2 11 3 0 8 105 ||132 56 黄育基 马来西亚 6 97 46 3 0 2 11 3 0 8 97 ||133 105 施琮恺 上海 6 96 32 3 0 1 11 3 0 8 96 ||134 79 陈永贤 广西 6 81 24 2 0 1 11 2 2 7 81 ||135 51 田清 云南 5 101 23 2 0 2 11 2 1 8 101 ||136 14 刘志洪 广西 5 98 34 2 0 1 10 2 1 7 98 ||137 29 何康慧 马来西亚 5 88[1] 23 2 0 0 11 2 1 8 87 ||138 61 陈帅 北京 3 65 16 1 0 1 6 1 1 4 65 ||139 19 许勇 安徽 2 80 14 1 0 0 11 1 0 10 80 ||140 101 黄桂生 广西 1 54 5 0 0 0 6 0 1 5 54 ||排序规则：积分，对手分，累进分，胜局，犯规，后手胜局||轮空选手对手分按[当前最少有积分选手的积分]计算，弃权选手对手分按[对手实际积分]计算 |||| ||比赛组别： 比赛时间：2017-09-24 2017-09-26 比赛地点：中国广西龙门水都文化生态旅游景区 信息反馈：QQ88081492 ||裁 判 长：凌盛文 编 排 长：黄家敏 软件资料：棋类比赛至尊编排 网页制作：东萍象棋网[/DhtmlXQ_comment1]
[DhtmlXQ_type]实战全局/开局[/DhtmlXQ_type]
[DhtmlXQ_timerule]30分＋10秒[/DhtmlXQ_timerule]
[DhtmlXQ_endtype][/DhtmlXQ_endtype]
[DhtmlXQ_owner][/DhtmlXQ_owner]
[DhtmlXQ_firstnum]0[/DhtmlXQ_firstnum]
[DhtmlXQ_gametype]慢棋[/DhtmlXQ_gametype]
[DhtmlXQ_generator]www.chasoft.net[/DhtmlXQ_generator]
[DhtmlXQ_gamepreview]3927402a3257.png[/DhtmlXQ_gamepreview]
[/DhtmlXQ]


