[DhtmlXQ]
[DhtmlXQ_ver]www_vietcotuong_com[/DhtmlXQ_ver]
[DhtmlXQ_init]500,350[/DhtmlXQ_init]
[DhtmlXQ_title]第07轮 第07台 陕西 王庆 先负 温州龙之队 赵子雨[/DhtmlXQ_title]
[DhtmlXQ_event][/DhtmlXQ_event]
[DhtmlXQ_date][/DhtmlXQ_date]
[DhtmlXQ_place][/DhtmlXQ_place]
[DhtmlXQ_round][/DhtmlXQ_round]
[DhtmlXQ_table][/DhtmlXQ_table]
[DhtmlXQ_red]王庆[/DhtmlXQ_red]
[DhtmlXQ_redteam][/DhtmlXQ_redteam]
[DhtmlXQ_redrating][/DhtmlXQ_redrating]
[DhtmlXQ_blacktime][/DhtmlXQ_time]
[DhtmlXQ_black]赵子雨[/DhtmlXQ_black]
[DhtmlXQ_blackteam][/DhtmlXQ_blackteam]
[DhtmlXQ_blackrating][/DhtmlXQ_blackrating]
[DhtmlXQ_blacktime][/DhtmlXQ_time]
[DhtmlXQ_result]黑胜[/DhtmlXQ_result]
[DhtmlXQ_open]C77 五七炮互进三兵对屏风马边卒右马外盘河[/DhtmlXQ_open]
[DhtmlXQ_remark][/DhtmlXQ_remark]
[DhtmlXQ_author][/DhtmlXQ_author]
[DhtmlXQ_binit]0919293949596979891777062646668600102030405060708012720323436383[/DhtmlXQ_binit]
[DhtmlXQ_movelist]7747706279678070897910226665232419070304172722140908204279730003083872827370627067555041556382626987708263751406272804056564426475546232383303335433121328246442240413232625826325242329394863554737062707285576040042200003273524347655464535278765323433214050375755672113341449391419393827152816150316370315[/DhtmlXQ_movelist]
[DhtmlXQ_comment0]2014年宁夏“西夏杯”象棋公开赛规程（4月13-16日，银川市）||一、主办单位：宁夏回族自治区体育总会||二、承办单位：银川市西夏区文化体育旅游局||三、协办单位：银川市西夏区象棋协会||四、竞赛项目：象棋团体、个人赛||五、比赛时间：2014年4月13日—16日||六、比赛地点：银川市西夏区全民健身活动中心（801创意园文化体育旅游局5楼）||七、参赛办法：||西夏区各单位、个人均可参赛（两镇、六街道办事处必须组队参加），每队派领队一人，棋手三人。团体参赛需交200元参赛费用，个人参赛需交50元报名费，协会会员需交40元报名费用。比赛期间的食宿及交通费用自理。另邀请自治区内外棋友报名参加。||八、竞赛办法：||1、竞赛执行《象棋竞赛规则》（2011年版），进行13轮积分编排比赛，团体名次按队员总分制计算。||2、比赛采用时间包干制，每方用时30分钟，超时作负。最后两轮前两台计时、记录，每方45分钟包干。||九、奖励办法：||西夏区内、外个人各奖励前八名，奖金分别是：||西夏区外获奖金额||第一名：10000元||第二名：6000元||第三名：4000元||第四名：3000元||第五名：2000元||第六名：1000元||第七名：1000元||第八名：1000元||||||西夏区内获奖金额||第一名：5000元||第二名：3000元||第三名：2000元||第四名：1000元||第五名：500元||第六名：500元||第七名：500元||第八名：500元||所有参赛者均有纪念奖。团体取前三名发放奖牌，另设有道德风尚奖、优秀组织奖若干名。||十、裁判员：由主办单位聘请国家级象棋裁判员担任裁判长，裁判员由银川市西夏区象棋协会选调。||十一、报名与报到：各队自行办理人身意外保险，比赛期间由于非组织方原因发生的人身意外事件，有参赛队（或个人）自行负责。||1、报名时需提供人身意外保险，二代居民身份证复印件。||2、参加比赛者必须于2014年4月11日前将参赛名单电子版报送至银川市西夏区文化体育旅游局。||电子邮箱：463789332@qq.com||联系人：高扬  联系电话：0951—8829838||3、报名联系人：周发春 联系电话：13629590705||4、定于2014年4月12日下午3点在银川市西夏区全民健身活动中心三楼会议室召开领队会议，进行抽签，商定比赛未尽事宜。||十二、其它：参赛团体、个人务必于4月12日前缴纳报名费用，比赛结束后，由主办单位公布费用使用情况。||十三、本规程的解释权归银川市西夏区象棋协会所有。||||[/DhtmlXQ_comment0]
[DhtmlXQ_comment1]排名 姓名 单位 总分 对手分 胜数 后手数 胜率 出场 胜 平 负||1 姚洪新 河南 22 232 9 7 84.62 13 9 4 0||2 苗永鹏 通合公司 19 213 8 7 73.08 13 8 3 2||3 刘奕达 上海 19 213 6 6 73.08 13 6 7 0||4 刘　明 通合公司 19 211 7 6 73.08 13 7 5 1||5 孟　辰 塞上风情 19 208 9 6 73.08 13 9 1 3||6 刘　泉 湖南 19 205 7 6 73.08 13 7 5 1||7 侯文博 河北 18 222 6 6 69.23 13 6 6 1||8 刘宗泽 温州龙之队 18 210 8 7 69.23 13 8 2 3||9 王　昊 塞上风情 18 210 8 6 69.23 13 8 2 3||10 赵攀伟 四川 18 207 7 7 69.23 13 7 4 2||11 陆立君 塞上风情 18 204 8 6 69.23 13 8 2 3||12 赵子雨 温州龙之队 18 201 8 7 69.23 13 8 2 3||13 张　彬 温州龙之队 18 199 8 6 69.23 13 8 2 3||14 吴安勤 立新锁具 18 198 8 7 69.23 13 8 2 3||15 李贵勇 内蒙古1 17 211 7 7 65.38 13 7 3 3||16 任占国 通合公司 17 209 7 6 65.38 13 7 3 3||17 徐一帆 甘肃 17 203 8 6 65.38 13 8 1 4||18 王国伟 陕西2 17 200 8 6 65.38 13 8 1 4||19 高建华 友合石化 17 191 8 6 65.38 13 8 1 4||20 黄世宏 山西 17 174 8 6 65.38 13 8 1 4||21 吕明成 西夏个人1 17 169 6 6 65.38 13 6 5 2||22 孙　博 北京 16 211 7 7 61.54 13 7 2 4||23 周　伟 内蒙古3 16 197 6 7 61.54 13 6 4 3||24 王　庆 陕西 16 196 7 6 61.54 13 7 2 4||25 孟学仁 西夏象协 16 191 8 7 61.54 13 8 0 5||26 张有成 西夏象协 16 188 7 7 61.54 13 7 2 4||27 俞季明 个人5 16 187 7 6 61.54 13 7 2 4||28 李学成 石嘴山市 16 182 7 6 61.54 13 7 2 4||29 海向军 西夏个人6 16 171 7 6 61.54 13 7 2 4||30 杨　旭 内蒙古 16 161 8 6 61.54 13 8 0 5||31 胡军平 内蒙古2 15 189 6 6 57.69 13 6 3 4||32 王贵福 个人11 15 187 6 7 57.69 13 6 3 4||33 王军喜 甘肃2 15 186 6 7 57.69 13 6 3 4||34 吴庆斌 石嘴山市 15 185 5 7 57.69 13 5 5 3||35 刘　胜 四川 15 180 6 6 57.69 13 6 3 4||36 柴兰成 甘肃1 15 177 5 6 57.69 13 5 5 3||37 高瑞峰 内蒙古4 15 176 6 6 57.69 13 6 3 4||38 谭永光 西夏个人 15 172 5 7 57.69 13 5 5 3||39 马　军 内蒙古3 15 170 7 6 57.69 13 7 1 5||40 徐顺其 西夏个人2 15 170 6 6 57.69 13 6 3 4||40 高宝森 友合石化 15 170 6 6 57.69 13 6 3 4||42 闫永海 个人18 15 166 7 6 57.69 13 7 1 5||43 李金绵 个人1 15 158 7 7 57.69 13 7 1 5||44 张彦河 内蒙古 15 153 7 7 57.69 13 7 1 5||45 陈荣海 西轴 15 153 7 6 57.69 13 7 1 5||46 孙卫东 个人10 14 200 6 7 53.85 13 6 2 5||47 王维杰 甘肃 14 193 6 6 53.85 13 6 2 5||48 田国平 内蒙古2 14 189 7 7 53.85 13 7 0 6||49 高　军 内蒙古1 14 178 5 6 53.85 13 5 4 4||50 丁金山 甘肃2 14 176 5 7 53.85 13 5 4 4||51 王　军 甘肃2 14 172 6 7 53.85 13 6 2 5||52 史立新 文化宫 14 171 7 7 53.85 13 7 0 6||53 赵起良 陕西2 14 171 6 6 53.85 13 6 2 5||54 马景欣 乌兰矿 14 166 6 7 53.85 13 6 2 5||55 米小周 个人4 14 163 6 6 53.85 13 6 2 5||56 周栓保 甘肃1 14 159 5 7 53.85 13 5 4 4||57 王正平 个人 14 157 6 6 53.85 13 6 2 5||58 赵兴会 陕西3 14 150 6 7 53.85 13 6 2 5||59 阚红奎 内蒙古2 13 186 6 7 50 13 6 1 6||60 苏建林 西夏人人4 13 183 5 7 50 13 5 3 5||61 王　晴 天津 13 182 6 7 50 13 6 1 6||62 王立新 立新锁具 13 181 5 7 50 13 5 3 5||63 史　毅 友合石化 13 177 5 7 50 13 5 3 5||64 任春晖 银川市 13 174 5 7 50 13 5 3 5||65 马海东 个人5 13 171 5 6 50 13 5 3 5||66 韩全林 延安炼油厂 13 170 5 6 50 13 5 3 5||67 尹举能 延安炼油厂 13 167 5 6 50 13 5 3 5||68 韩　瑞 甘肃 13 165 5 7 50 13 5 3 5||69 张景林 个人1 13 164 6 7 50 13 6 1 6||70 张　文 个人9 13 161 6 7 50 13 6 1 6||71 李原合 银川市 13 160 6 7 50 13 6 1 6||72 邸三平 西夏个人4 13 160 5 6 50 13 5 3 5||73 杨　青 内蒙古3 13 158 5 6 50 13 5 3 5||74 王成义 文化宫 13 157 6 6 50 13 6 1 6||75 田富基 个人6 13 152 6 7 50 13 6 1 6||76 史振海 个人 13 151 6 7 50 13 6 1 6||77 苗立奇 西轴 12 190 5 6 46.15 13 5 2 6||78 刘东东 陕西3 12 178 5 7 46.15 13 5 2 6||79 于文兵 西夏个人 12 176 5 7 46.15 13 5 2 6||80 黄　拓 个人7 12 165 6 7 46.15 13 6 0 7||81 陈银楼 石嘴山市 12 164 5 7 46.15 13 5 2 6||82 刘　涛 西夏象协 12 164 4 6 46.15 13 4 4 5||83 孙红兵 银川市 12 161 6 6 46.15 13 6 0 7||83 蔡海杭 立新锁具 12 161 6 6 46.15 13 6 0 7||85 刘玉田 乌兰矿 12 154 5 7 46.15 13 5 2 6||86 王　骞 西夏个人3 12 149 5 6 46.15 13 5 2 6||87 张庆华 陕西 12 130 4 6 46.15 13 4 4 5||88 鲁晓向 个人5 11 164 4 7 42.31 13 4 3 6||89 汪小军 个人11 11 161 3 6 42.31 13 3 5 5||90 高　帅 陕西 11 159 5 6 42.31 13 5 1 7||91 谢文华 个人1 11 156 4 6 42.31 13 4 3 6||92 杨建国 个人8 11 155 5 6 42.31 13 5 1 7||93 刘宁辉 西夏个人1 11 152 5 7 42.31 13 5 1 7||94 张筱笛 个人10 11 148 3 7 42.31 13 3 5 5||95 秦乐民 内蒙古3 11 145 4 7 42.31 13 4 3 6||96 袁　春 个人18 11 139 5 7 42.31 13 5 1 7||97 逯彦塔 个人11 11 137 5 6 42.31 13 5 1 7||98 周爱民 乌兰矿 11 134 5 7 42.31 13 5 1 7||99 张　鹏 农垦 11 129 5 7 42.31 13 5 1 6||100 贾世泰 个人 11 128 5 6 42.31 13 5 1 7||101 朱　旭 个人4 10 166 4 6 38.46 13 4 2 7||102 王林彦 西夏个人5 10 148 5 7 38.46 13 5 0 8||103 高　强 西夏个人7 10 141 5 6 38.46 13 5 0 8||104 李晓文 西夏个人2 10 140 4 7 38.46 13 4 2 7||105 赵生虎 西轴 10 137 4 6 38.46 13 4 2 7||106 冯　锐 西夏人人1 10 135 4 7 38.46 13 4 2 7||107 南长河 个人7 10 119 5 7 38.46 13 5 0 8||108 王　晨 个人2 9 163 4 6 34.62 13 4 1 8||109 康　炜 延安炼油厂 9 145 3 7 34.62 13 3 3 7||110 付国军 农垦 9 132 4 7 34.62 13 4 1 8||111 张　兴 西夏个人5 9 129 4 7 34.62 13 4 1 8||112 王志荣 西夏个人3 9 92 4 5 34.62 13 4 1 6||113 王文选 西夏个人5 8 136 4 7 30.77 13 4 0 9||114 叶保存 西夏个人2 8 134 3 6 30.77 13 3 2 8||115 关保国 西夏个人3 8 108 4 6 33.33 12 4 0 8||116 郭志明 农垦 7 124 3 7 26.92 13 3 1 9||117 徐志强 个人6 6 132 2 7 23.08 13 2 2 9||118 马明飞 个人8 6 127 3 7 23.08 13 3 0 10||119 马生杰 文化宫 4 118 2 5 15.38 13 2 0 8||120 柳毅伟 个人10 4 116 2 4 15.38 13 2 0 8||121 张　鹏 西夏个人6 2 103 1 4 7.69 13 1 0 7||122 张　斌 个人2 2 83 1 3 8.33 12 1 0 6||123 马鹏飞 个人9 0 52 0 1 0 13 0 0 3||124 王　生 个人4 0 45 0 2 0 13 0 0 3||125 陶世全 甘肃1 0 43 0 3 0 13 0 0 4||126 陈　栋 内蒙古 0 43 0 1 0 13 0 0 3||127 刘　宁 陕西2 0 38 0 1 0 13 0 0 3||127 金　琢 个人9 0 38 0 1 0 13 0 0 2||129 李　巍 河北 0 37 0 2 0 13 0 0 3||130 谭德军 西夏个人4 0 36 0 1 0 13 0 0 2||131 张　阳 黑龙江 0 31 0 1 0 13 0 0 2||131 佟兆春 个人2 0 31 0 1 0 13 0 0 3||133 李浩民 个人3 0 30 0 1 0 13 0 0 2||134 苗　壮 个人6 0 29 0 1 0 13 0 0 3||135 刘占山 个人3 0 27 0 1 0 13 0 0 2||136 戎成功 内蒙古1 0 23 0 1 0 13 0 0 2||137 李厚读 个人3 0 21 0 2 0 13 0 0 3||138 徐　斌 西夏个人 0 18 0 1 0 13 0 0 2||139 王　军 个人7 0 17 0 1 0 13 0 0 2||140 张　鹏 个人8 0 14 0 0 0 13 0 0 1||           ||           ||           ||           ||           ||           ||           ||           ||           ||           ||           ||           ||           ||           ||           ||           ||           ||           ||           ||           ||           ||           ||           ||           ||           ||           ||           ||           ||           ||           ||           ||           ||           ||           ||           ||           ||           ||           ||           ||           ||           ||           ||           ||           ||           ||           ||           ||           ||           ||           ||           ||           ||           ||           ||           ||           ||           ||           ||           ||           ||           ||           ||           ||           ||           ||           ||           ||           ||           ||           ||           ||           ||           ||           ||           ||           ||           ||           ||           ||           ||           ||           ||           ||           ||           ||           ||           ||           ||           ||           ||           ||           ||           ||           ||           ||           ||           ||[/DhtmlXQ_comment1]
[DhtmlXQ_type]实战全局/开局[/DhtmlXQ_type]
[DhtmlXQ_timerule][/DhtmlXQ_timerule]
[DhtmlXQ_endtype][/DhtmlXQ_endtype]
[DhtmlXQ_owner][/DhtmlXQ_owner]
[DhtmlXQ_firstnum]0[/DhtmlXQ_firstnum]
[DhtmlXQ_gametype][/DhtmlXQ_gametype]
[DhtmlXQ_generator]www.ccbridge.net[/DhtmlXQ_generator]
[DhtmlXQ_gamepreview]a575dabffaa1.png[/DhtmlXQ_gamepreview]
[/DhtmlXQ]


