[DhtmlXQ]
[DhtmlXQ_ver]www_vietcotuong_com[/DhtmlXQ_ver]
[DhtmlXQ_init]500,350[/DhtmlXQ_init]
[DhtmlXQ_title]山西-焦志强-负-贵州一队-李永勤[/DhtmlXQ_title]
[DhtmlXQ_event]2014年第19届全国农民象棋赛[/DhtmlXQ_event]
[DhtmlXQ_date]2014-04-23 08:30-12:00[/DhtmlXQ_date]
[DhtmlXQ_place]贵阳市南天酒店[/DhtmlXQ_place]
[DhtmlXQ_round]第07轮[/DhtmlXQ_round]
[DhtmlXQ_table]第08台[/DhtmlXQ_table]
[DhtmlXQ_red]焦志强[/DhtmlXQ_red]
[DhtmlXQ_redteam]山西[/DhtmlXQ_redteam]
[DhtmlXQ_redrating][/DhtmlXQ_redrating]
[DhtmlXQ_blacktime][/DhtmlXQ_time]
[DhtmlXQ_black]李永勤[/DhtmlXQ_black]
[DhtmlXQ_blackteam]贵州一队[/DhtmlXQ_blackteam]
[DhtmlXQ_blackrating][/DhtmlXQ_blackrating]
[DhtmlXQ_blacktime][/DhtmlXQ_time]
[DhtmlXQ_result]黑胜[/DhtmlXQ_result]
[DhtmlXQ_open]E03 仙人指路对中炮[/DhtmlXQ_open]
[DhtmlXQ_remark][/DhtmlXQ_remark]
[DhtmlXQ_author][/DhtmlXQ_author]
[DhtmlXQ_binit]0919293949596979891777062646668600102030405060708012720323436383[/DhtmlXQ_binit]
[DhtmlXQ_movelist]2625724279677062897980811927813139481022666543442715121777174445174745351523313325242002797402247424001047426042294710130929224324276364656443644765624369475041060564522724353629254335675535235536333624231319252919294729526446456445238345246547241648571637494836264858267659483745483776785859787959587949574845665857667857584969[/DhtmlXQ_movelist]
[DhtmlXQ_comment0]2014年第19届全国农民象棋赛男子组第09轮后即时排行[仅供参考]排名 编号 团体 名次总和 最高名次 次高名次 人数 备注 ||第08轮排行 本轮对阵 团体第09轮后即时排行 胜率统计 第01轮排行 ||1 1 浙江 7 2[俞云涛] 5[梅兴宙] 2 2 ||2 2 湖北 20 9[曾洪涛] 11[王隽龙] 2 9 ||3 3 贵州一队 27 6[陈柳刚] 21[李永勤] 2 6 ||4 4 重庆 28 4[张勇] 24[黄伟] 2 4 ||5 5 广东 29 7[蔡裕广] 22[黎德志] 2 7 ||6 6 江苏 30 10[李全军] 20[谢今杰] 2 10 ||7 7 湖南 37 8[王清] 29[向友权] 2 8 ||8 8 广西 41 3[李子璋] 38[蓝向农] 2 3 ||9 9 北京 43 1[何建中] 42[么毅] 2 1 ||10 10 福建 43 15[柯善林] 28[陈瑞阳] 2 15 ||11 11 天津 43 16[张趁] 27[王桂虎] 2 16 ||12 12 海南 46 13[王少波] 33[薛英科] 2 13 ||13 13 上海 49 12[王少生] 37[韩勇] 2 12 ||14 14 青海 59 19[汪芝平] 40[柏春林] 2 19 ||15 15 河南 61 14[颜成龙] 47[刘洪涛] 2 14 ||16 16 内蒙古 62 18[周伟] 44[李付生] 2 18 ||17 17 山东 63 17[夏金凯] 46[王伟] 2 17 ||18 18 山西 64 30[毋君临] 34[焦志强] 2 30 ||19 19 贵州二队 68 23[左代元] 45[卢云强] 2 23 ||20 20 江西 71 32[王恩予] 39[江国华] 2 32 ||21 21 甘肃 75 26[焦明利] 49[李永军] 2 26 ||22 22 新疆 84 31[王行梁] 53[王磊] 2 31 ||23 23 云南 86 36[施德宏] 50[李云峰] 2 36 ||24 24 吉林 89 35[李国强] 54[韩凤歧] 2 35 ||25 25 河北 89 41[何龙] 48[邰博洋] 2 41 ||26 26 陕西 103 51[祝福权] 52[高宗耀] 2 51 ||27 27 辽宁 111 55[韩恒通] 56[韩恒彪] 2 55 ||排序规则：个人名次总和，最高名次，次高名次 ||||排名 编号 姓名 团体 积分 对手分 胜局 犯规 后手局数 出场 胜 和 负 备注 ||第08轮排行 本轮对阵 个人第09轮后即时排行 胜率统计 第01轮排行 ||1 31 何建中 北京 15 103 7 0 5 9 7 1 1 103 ||2 28 俞云涛 浙江 13 94 6 0 4 9 6 1 2 94 ||3 17 李子璋 广西 13 94 4 0 5 9 4 5 0 94 ||4 13 张勇 重庆 13 91 5 0 4 9 5 3 1 91 ||5 21 梅兴宙 浙江 13 88 5 0 5 9 5 3 1 88 ||6 7 陈柳刚 贵州一队 12 96 4 0 5 9 4 4 1 96 ||7 24 蔡裕广 广东 12 78 5 0 4 9 5 2 2 78 ||8 39 王清 湖南 11 102 4 0 4 9 4 3 2 102 ||9 53 曾洪涛 湖北 11 97 3 0 4 9 3 5 1 97 ||10 42 李全军 江苏 11 96 5 0 5 9 5 1 3 96 ||11 26 王隽龙 湖北 11 96 3 0 4 9 3 5 1 96 ||12 33 王少生 上海 11 94 4 0 4 9 4 3 2 94 ||13 47 王少波 海南 11 91 3 0 5 9 3 5 1 91 ||14 46 颜成龙 河南 11 90 4 0 4 9 4 3 2 90 ||15 40 柯善林 福建 11 82 3 0 4 9 3 5 1 82 ||16 2 张趁 天津 11 81 4 0 5 9 4 3 2 81 ||17 14 夏金凯 山东 11 78 5 0 5 9 5 1 3 78 ||18 20 周伟 内蒙古 11 77 5 0 4 9 5 1 3 77 ||19 22 汪芝平 青海 10 95 4 0 5 9 4 2 3 95 ||20 55 谢今杰 江苏 10 90 4 0 5 9 4 2 3 90 ||21 11 李永勤 贵州一队 10 87 4 0 5 9 4 2 3 87 ||22 49 黎德志 广东 10 86 3 0 5 9 3 4 2 86 ||23 5 左代元 贵州二队 10 85 4 0 4 9 4 2 3 85 ||24 8 黄伟 重庆 10 83 4 0 4 9 4 2 3 83 ||25 19 崔厚峰 安徽 10 81 4 0 4 9 4 2 3 81 ||26 18 焦明利 甘肃 9 91 3 0 5 9 3 3 3 91 ||27 51 王桂虎 天津 9 86 4 0 5 9 4 1 4 86 ||28 16 陈瑞阳 福建 9 84 3 0 4 9 3 3 3 84 ||29 27 向友权 湖南 9 81 2 0 5 9 2 5 2 81 ||30 56 毋君临 山西 9 80 3 0 4 9 3 3 3 80 ||31 32 王行梁 新疆 9 78 2 0 4 9 2 5 2 78 ||32 10 王恩予 江西 9 76 4 0 5 9 4 1 4 76 ||33 3 薛英科 海南 9 74 3 0 5 9 3 3 3 74 ||34 4 焦志强 山西 8 87 2 0 4 9 2 4 3 87 ||35 23 李国强 吉林 8 85 3 0 5 9 3 2 4 85 ||36 48 施德宏 云南 8 85 2 0 5 9 2 4 3 85 ||37 43 韩勇 上海 8 81 3 0 5 9 3 2 4 81 ||38 45 蓝向农 广西 8 81 2 0 4 9 2 4 3 81 ||39 37 江国华 江西 8 77 2 0 4 9 2 4 3 77 ||40 15 柏春林 青海 8 74 3 0 5 9 3 2 4 74 ||41 29 何龙 河北 8 56 4 0 4 9 4 0 5 56 ||42 50 么毅 北京 7 83 3 0 4 9 3 1 5 83 ||43 25 马绍君 宁夏 7 78 3 0 5 9 3 1 5 78 ||44 6 李付生 内蒙古 7 78 3 0 4 9 3 1 5 78 ||45 36 卢云强 贵州二队 7 78 1 0 4 9 1 5 3 78 ||46 54 王伟 山东 7 74 3 0 5 9 3 1 5 74 ||47 52 刘洪涛 河南 7 70 3 0 5 9 3 1 5 70 ||48 35 邰博洋 河北 7 65 3 0 5 9 3 1 5 65 ||49 38 李永军 甘肃 7 62 2 0 4 9 2 3 4 62 ||50 34 李云峰 云南 6 61 2 0 5 9 2 2 5 61 ||51 12 祝福权 陕西 6 60 2 0 4 9 2 2 5 60 ||52 41 高宗耀 陕西 6 55 1 0 4 9 1 4 4 55 ||53 30 王磊 新疆 5 86 1 0 5 9 1 3 5 86 ||54 1 韩凤歧 吉林 4 58 1 0 5 9 1 2 6 58 ||55 44 韩恒通 辽宁 3 60 1 0 4 9 1 1 7 60 ||56 9 韩恒彪 辽宁 0 57 0 0 4 9 0 0 9 57 ||排序规则：积分，对手分，胜局，犯规，后手局数|| || || ||比赛组别：男子组 比赛时间：2014-04-24 08:30-12:00 比赛地点：贵阳市南天酒店 信息反馈：QQ88081492 ||裁 判 长：高海明 编 排 长：贾欣荣 软件资料：棋类竞赛定位编排综合系统 网页制作：东萍象棋网[/DhtmlXQ_comment0]
[DhtmlXQ_type]实战全局/开局[/DhtmlXQ_type]
[DhtmlXQ_timerule]60分＋20秒[/DhtmlXQ_timerule]
[DhtmlXQ_endtype][/DhtmlXQ_endtype]
[DhtmlXQ_owner][/DhtmlXQ_owner]
[DhtmlXQ_firstnum]0[/DhtmlXQ_firstnum]
[DhtmlXQ_gametype]慢棋[/DhtmlXQ_gametype]
[DhtmlXQ_generator]www.chasoft.net[/DhtmlXQ_generator]
[DhtmlXQ_gamepreview]8bb72d0b7f32.png[/DhtmlXQ_gamepreview]
[/DhtmlXQ]


