[DhtmlXQ]
[DhtmlXQ_ver]www_vietcotuong_com[/DhtmlXQ_ver]
[DhtmlXQ_init]500,350[/DhtmlXQ_init]
[DhtmlXQ_title]第01轮-第04台-中山城区-吴军-先负-江门-莫尚彬[/DhtmlXQ_title]
[DhtmlXQ_event]2016年全国象棋业余棋王赛广东赛区总决赛公开组[/DhtmlXQ_event]
[DhtmlXQ_date]2016年10月05日[/DhtmlXQ_date]
[DhtmlXQ_place]深圳[/DhtmlXQ_place]
[DhtmlXQ_round][/DhtmlXQ_round]
[DhtmlXQ_table][/DhtmlXQ_table]
[DhtmlXQ_red]吴军[/DhtmlXQ_red]
[DhtmlXQ_redteam][/DhtmlXQ_redteam]
[DhtmlXQ_redrating][/DhtmlXQ_redrating]
[DhtmlXQ_blacktime][/DhtmlXQ_time]
[DhtmlXQ_black]莫尚彬[/DhtmlXQ_black]
[DhtmlXQ_blackteam][/DhtmlXQ_blackteam]
[DhtmlXQ_blackrating][/DhtmlXQ_blackrating]
[DhtmlXQ_blacktime][/DhtmlXQ_time]
[DhtmlXQ_result]黑胜[/DhtmlXQ_result]
[DhtmlXQ_open]C15 中炮巡河车对屏风马[/DhtmlXQ_open]
[DhtmlXQ_remark][/DhtmlXQ_remark]
[DhtmlXQ_author][/DhtmlXQ_author]
[DhtmlXQ_binit]0919293949596979891777062646668600102030405060708012720323436383[/DhtmlXQ_binit]
[DhtmlXQ_movelist]774770627967807089792324797510222625242575256364172722346665646525652042190700202737202409191222394872716575504169877174464562547576707306052229763673634544434437346367367624347674546687652959191766450715343874795952152338287959676848392823[/DhtmlXQ_movelist]
[DhtmlXQ_comment0]||“江阴周庄”2016“中国体育彩票”全国象棋业余棋王赛暨“民治杯”2016年广东省第一届‘谁是棋王’全民争霸赛象棋总决赛竞赛规程|||| 一、指导单位：中国象棋协会||二、主办单位：广东省棋类协会||三、承办单位：深圳市龙华新区民治办事处文化体育中心||       深圳市华龙腾文化体育发展有限公司||       深圳市华阳文化体育发展有限公司||四、协办单位：深圳市全民棋道棋牌俱乐部有限公司      ||五、推广单位：北京中体明星体育文化传播有限公司||六、媒体支持||中国体育报、中国棋牌网、中国智力运动网、华奥星空、广东省全民健身在线、广东象棋网、广东省棋协网、深圳特区报、深圳晶报、深圳晚报、深圳商报、深圳体坛、南方都市报。||七、竞赛时间和地点||时间：2016年10月5日至7日||  地址：深圳市坪山新区金茂园大酒店（食宿、比赛）||   深圳市龙华新区民治办事处文化体育中心（最后一轮比赛、业余六棋王受让二先挑战专业六棋王与颁奖仪式）||注：比赛期间大会安排大巴车每日负责接送||八、竞赛组别||（一）公开组：1956年1月1日-1999年12月31日出生||（二）老年组：1955年12月31日前出生||（三）少年组：2000年1月1日-2004年12月31日出生，男女分别录取成绩。||  （四）儿童组：2005年1月1日后出生，男女分别录取成绩。||  （五）其它增设组别，详见补充通知。||九、参赛资格：||（一）身体健康、适合参加本项运动，比赛报名时未获得国家级运动健将（象棋大师）及以上称号的象棋爱好者均可报名。||（二）报名参赛者只能代表一个分站赛区参加广东省赛区总决赛。||十、竞赛办法||执行中国象棋协会审定的最新《象棋竞赛规则》2011。补充规定详见各分站赛的规定。||十一、报名与报到||（一）各分站赛组委会于2016年9月25日前，将参加广东省赛区总决赛人员统一报名至广东省棋类协会，联系人：赵庆武，联系方式：18646173223。||（二）所有报名参赛的运动员必须使用中华人民共和国第二代身份证或户口本，赛前裁判员现场将进行查验。||十二、录取名次||   1.老年组录取前八名，前三名颁发奖杯及证书，第四至第八名颁发奖牌及证书。冠军授予“广东省老年棋王”称号。奖金冠军3000元，亚军1500元，季军1000元，第四名至第六名800元，第七名至第八名500元。||2.公开组录取前八名，前三名颁发奖杯及证书，第四至第八名颁发奖牌及证书。冠军授予“广东省业余棋王”称号。奖金冠军10000元，亚军5000元，季军2500元，第四名至第六名1000元，第七名至第八名500元。||3.少年组按男女子组分别录取前八名，前三名颁发奖杯及证书，第四至第八名颁发奖牌及证书。冠军授予“广东省少年棋王”称号。奖金冠军2000元，亚军1000元，季军800元，第四名至第六名500元，第七名至第八名300元。||4.儿童组按男女子组分别录取前八名，前三名颁发奖杯及证书，第四至第八名颁发奖牌及证书。冠军授予“广东省儿童棋王”称号。奖金冠军1000元，亚军600元，季军400元，第四名至第六名300元，第七名至第八名200元。||优秀赛区组织奖5名，每单位奖励5000元。||赛事亮点：||各组冠军棋王受让二先挑战职业棋手指导棋，挑战成功奖金3000元。||5.晋级全国总决赛名额为公开组男子冠、亚、季军，女子冠军；老年组冠、亚军；少年组男子冠、亚军，女子冠军；儿童组男子冠、亚军，女子冠军。||6.承办分站赛的“全国象棋之乡”额外获得2个直通全国总决赛的名额，参加组别不限。承办分站赛的“全国象棋基地”额外获得2个少年组或儿童组选手直通全国总决赛的名额。本赛区另将获得2个名额，直接参加于12月举办的2016全国网络智力运动会总决赛，名额产生由组委会决定。（该名额获得，仅限于5月30日前签订办赛合同的赛区，额满截止。竞赛规程5月30日前见中国智力运动网）||十三、奖励办法：||（一）所有参赛棋手将获得中国象棋协会颁发的参赛证书，获得冠军的棋手将获得“棋王”证书。||（二）可根据中国象棋协会技术等级标准申请相应技术等级。||十四、裁判员和仲裁委员会：||（一）裁判长、编排长、副裁判长、仲裁由广东省棋类协会选派。||（二）设仲裁委员会，人员组成和职责按《仲裁委员会条例》执行。||十五、本规程解释权归赛事组委会。|| || 广东省棋类协会(公章)||2016年5月12日[/DhtmlXQ_comment0]
[DhtmlXQ_comment1]排名	编号	姓名	单位	总分	对手分	累进分	胜数	直胜	犯规	后手数	胜率	出场	胜	平	负	称号	等级分	备注||1	35	张泽海	深圳坪山	15	105	76	7	0	0	4	83.33	9	7	1	1		0	||2	32	徐腾飞	广州中部	14	101	76	6	0	0	4	77.78	9	6	2	1		0	||3	11	袁瑚泽	阳江	13	107	69	5	0	0	4	72.22	9	5	3	1		0	||4	12	黎德志	深圳观湖	13	91	62	5	0	0	5	72.22	9	5	3	1		2446	||5	5	黄文俊	广州	12	100	63	5	0	0	4	66.67	9	5	2	2		0	||6	18	刘立山	珠海	12	98	64	4	0	0	5	66.67	9	4	4	1		0	||7	42	彭永洪	云浮	12	97	62	5	0	0	5	66.67	9	5	2	2		0	||8	15	林进春	东莞	12	95	62	5	0	0	4	66.67	9	5	2	2		0	||9	38	朱少钧	韶关	12	94	63	5	0	0	4	66.67	9	5	2	2		0	||10	9	郑华珠	阳江	12	87	59	5	0	0	4	66.67	9	5	2	2		0	||11	40	黎　铎	阳江	12	86	57	4	0	0	5	66.67	9	4	4	1		0	||12	24	王　珏	韶关	11	79	52	5	0	0	4	61.11	9	5	1	3		0	||13	8	莫尚彬	江门	10	92	64	3	0	0	4	55.56	9	3	4	2		0	||14	3	邓永生	云浮	10	91	47	3	0	0	5	55.56	9	3	4	2		0	||15	34	莫伟明	清远	10	90	55	4	0	0	5	55.56	9	4	2	3		0	||16	37	蔡佑广	深圳坪山	10	87	50	4	0	0	4	55.56	9	4	2	3		0	||17	44	洪家旋	阳江	10	84	49	2	0	0	4	55.56	9	2	6	1		0	||18	19	苏钜明	江门	10	83	53	4	0	0	5	55.56	9	4	2	3		0	||19	1	王发根	深圳观湖	10	80	50	5	0	0	5	55.56	9	5	0	4		0	||20	10	李旭平	佛山	9	92	48	4	0	0	4	50	9	4	1	4		0	||21	25	李家林	中山城区	9	88	51	4	0	0	4	50	9	4	1	4		0	||22	39	杨粤潇	中山城区	9	83	45	4	0	0	4	50	9	4	1	4		0	||23	23	林仁喜	阳江	9	81	43	3	0	0	5	50	9	3	3	3		0	||24	28	何嘉诚	清远	9	80	51	4	0	0	5	50	9	4	1	4		0	||25	46	黄伊平	深圳观湖	9	73	41	4	0	0	4	50	9	4	1	4		0	||26	21	刘小敏	深圳观湖	9	68	35	4	0	0	4	50	9	4	1	4		0	||27	13	赵景文	珠海	9	66	37	3	0	0	4	50	9	3	3	3		0	||28	20	叶　军	韶关	8	91	51	3	0	0	5	44.44	9	3	2	4		0	||29	29	梁远航	阳江	8	79	46	3	0	0	4	44.44	9	3	2	4		0	||30	6	柳晓山	江门	8	63	30	4	0	0	5	44.44	9	4	0	5		0	||31	31	徐勤华	深圳观湖	8	63	26	4	0	0	5	44.44	9	4	0	5		0	||32	33	梁必成	惠东	7	85	41	3	0	0	4	38.89	9	3	1	4		0	||33	41	张达欢	中山城区	7	79	43	3	0	0	4	38.89	9	3	1	4		0	||34	4	陈健缵	清远	7	74	33	3	0	0	4	38.89	9	3	1	5		0	||35	36	陈志劲	云浮	7	74	31	3	0	0	4	38.89	9	3	1	5		0	||36	45	杨汉区	东莞	7	73	37	1	0	0	5	38.89	9	1	5	3		0	||37	2	周美柱	阳江	7	72	36	3	0	0	5	38.89	9	3	1	5		0	||38	16	曹木林	广州中部	7	70	37	3	0	0	5	38.89	9	3	1	5		0	||39	43	谢国兴	清远	7	66	31	2	0	0	4	38.89	9	2	3	4		0	||40	26	何含露	广州中部	7	61	28	3	0	0	5	38.89	9	3	1	5		0	||41	14	沙文德	阳江	6	71	30	3	0	0	5	33.33	9	3	0	6		0	||42	17	黄汉敬	惠东	6	68	30	2	0	0	4	33.33	9	2	2	5		0	||43	22	李广强	清远	6	60	27	2	0	0	5	33.33	9	2	2	5		0	||44	30	陈建洪	云浮	5	60	19	2	0	0	5	27.78	9	2	1	6		0	||45	27	江　顺	中山东部	0	62	0	0	0	0	4	0	9	0	0	9		0	||46	7	吴　军	中山城区	0	42	0	0	0	0	2	0	5	0	0	5		0[/DhtmlXQ_comment1]
[DhtmlXQ_type]实战全局/开局[/DhtmlXQ_type]
[DhtmlXQ_timerule]30+3[/DhtmlXQ_timerule]
[DhtmlXQ_endtype][/DhtmlXQ_endtype]
[DhtmlXQ_owner][/DhtmlXQ_owner]
[DhtmlXQ_firstnum]0[/DhtmlXQ_firstnum]
[DhtmlXQ_gametype][/DhtmlXQ_gametype]
[DhtmlXQ_generator]www.chasoft.net[/DhtmlXQ_generator]
[DhtmlXQ_gamepreview]2bed628e9faf.png[/DhtmlXQ_gamepreview]
[/DhtmlXQ]


