[DhtmlXQ]
[DhtmlXQ_ver]www_vietcotuong_com[/DhtmlXQ_ver]
[DhtmlXQ_init]500,350[/DhtmlXQ_init]
[DhtmlXQ_title]第5轮 第1台 邓家荣 和 陈球[/DhtmlXQ_title]
[DhtmlXQ_event]2013年5月广东省阳江市“五一”中国象棋赛[/DhtmlXQ_event]
[DhtmlXQ_date][/DhtmlXQ_date]
[DhtmlXQ_place][/DhtmlXQ_place]
[DhtmlXQ_round][/DhtmlXQ_round]
[DhtmlXQ_table][/DhtmlXQ_table]
[DhtmlXQ_red]邓家荣[/DhtmlXQ_red]
[DhtmlXQ_redteam][/DhtmlXQ_redteam]
[DhtmlXQ_redrating][/DhtmlXQ_redrating]
[DhtmlXQ_blacktime][/DhtmlXQ_time]
[DhtmlXQ_black]陈球[/DhtmlXQ_black]
[DhtmlXQ_blackteam][/DhtmlXQ_blackteam]
[DhtmlXQ_blackrating][/DhtmlXQ_blackrating]
[DhtmlXQ_blacktime][/DhtmlXQ_time]
[DhtmlXQ_result]和局[/DhtmlXQ_result]
[DhtmlXQ_open]C92 五八炮互进三兵对屏风马[/DhtmlXQ_open]
[DhtmlXQ_remark][/DhtmlXQ_remark]
[DhtmlXQ_author][/DhtmlXQ_author]
[DhtmlXQ_binit]0919293949596979891777062646668600102030405060708012720323436383[/DhtmlXQ_binit]
[DhtmlXQ_movelist]774770626665232479671022897980701927204217131202132300100908101323631316475772762947762679706270087870826362161762222622273517135756434435542221787313735473838467553041394821015543020656530304535401034322031346451319485706464939444554044626223445353453191373618261536140300484131161531131843441323474[/DhtmlXQ_movelist]
[DhtmlXQ_comment0]阳江市“五一”中国象棋比赛规程 ||||关于举办“五一”中国象棋比赛的通知||||     各县（市区）总工会、海陵区工会工作委员会、市直各基层工会：||||为了丰富“五一”职工文化娱乐活支，更好地传承和弘扬中华“千年国粹”，经研究，决定在“五一”期间举办全市干部、职工中国象棋比赛。现将有关事项通知如下：|||| ||||一、        主办单位：阳江市总工会||||               协办单位：阳江市象棋协会||||二、        竞赛时间、地点：2013年4月29至30日，在阳江市总工会八楼会议室举行。||||三、        竞赛项目：中国象棋男子个人、男子团体赛。||||四、        参赛单位：各县（市）、市直单位、国企、外企、民企工会职工干部均可参加。||||五、        竞赛办法：||||（一）、比赛采用中国象棋协会审定的最新《中国象棋竞赛规则》；||||（二）、采用8轮积分编排制进行比赛（电脑编排）；||||   (三)、 每轮每方用时包干制，先手30分钟，后手35分钟，自然限着40回合；||||（四）、团体赛成绩计算办法：以参赛队为单位计算每队3人名次之和，数值少者名次列前，如相同依次                  比较最高、次高的名次进行区分，不足3人不计算团体成绩，只计算个人名次；||||六、名次录取和奖励：||||  1、团体名次如参赛队超过10队奖前五名，不足10队奖前三名。||||     第一名奖金1000元、奖杯一座，第二名 奖 金900元、奖杯一座，第三名奖金800元、奖杯一座，||||      第四名奖金700元、第五名奖金600元；||||  2、个人奖前6名：第一名600元，第二名500元，第三名400元，第四、第五、六名分别200元；||||七、报名及报到：||||      1、各参赛单位和个人于2013年4月20日前将报名表格或电话报名至市总工会 组宣部，邮编：529500，联系人：罗培平  、 钟小霞，电话：06623307108 、06623313930 ，传真：06623366377||||       2、报到时间和地点：参赛队员于4月29日上午9时前在市总工会八楼会议室签到；||||  八、经费：各参赛单位和个人的参赛经费一切自理，一切奖励及其它费用由主办单位负责。||||附报名表：||||[/DhtmlXQ_comment0]
[DhtmlXQ_comment1]1 1 陈　球 市卫生局 7 41.5 6 0 87.5 8 6 2 0  0  编排 PK ||2 2 邓家荣 阳西新圩农业技术推广站 6.5 45 6 0 81.25 8 6 1 1  0  编排 PK ||3 3 黎　铎 阳春工会 6.5 42.5 6 0 81.25 8 6 1 1  0  编排 PK ||4 4 钟元富 阳东县工会 6.5 36 6 0 81.25 8 6 1 1  0  编排 PK ||5 5 范　东 海陵工会 6 42 6 0 75 8 6 0 2  0  编排 PK ||6 7 袁瑚泽 阳西县工会 6 40 5 0 75 8 5 2 1  0  编排 PK ||7 6 叶　崇 江城工会 6 38.5 6 0 75 8 6 0 2  0  编排 PK ||8 8 杜御风 阳春工会 6 38.5 5 0 75 8 5 2 1  0  编排 PK ||9 9 陈小锋 海陵工会 6 35 5 0 75 8 5 2 1  0  编排  ||10 10 姚海文 阳西县工会 5.5 40 5 0 68.75 8 5 1 2  0  编排 PK ||11 11 柯林胜 阳春工会 5.5 39 5 0 68.75 8 5 1 2  0  编排 PK ||12 12 康　纳 阳西新圩农业技术推广站 5.5 36.5 4 0 68.75 8 4 3 1  0  编排 PK ||13 13 谭　超 阳西新圩农业推广站 5.5 35.5 5 0 68.75 8 5 1 2  0  编排 PK ||14 14 柯远村 阳春工会 5.5 35 5 0 68.75 8 5 1 2  0  编排 PK ||15 15 雷剑宏 阳东县工会 5 41 5 0 62.5 8 5 0 3  0  编排 PK ||16 16 林　醉 江城工会 5 39 4 0 62.5 8 4 2 2  0  编排 PK ||17 18 张能军 市卫生局 5 36.5 5 0 62.5 8 5 0 3  0  编排  ||17 20 司徒盛 市商贸工交责任公司 5 36.5 5 0 62.5 8 5 0 3  0  编排  ||19 21 林定辉 江城工会 5 36 5 0 62.5 8 5 0 3  0  编排 PK ||20 19 雷世建 市邮政局 5 34.5 4 0 62.5 8 4 2 2  0  编排  ||21 17 谭永昌 阳东工会 5 34 4 0 62.5 8 4 2 2  0  编排  ||22 22 杨多强 海陵工会 5 33.5 5 0 62.5 8 5 0 3  0  编排 PK ||23 23 薛才强 阳西县工会 5 28.5 5 0 62.5 8 5 0 3  0  编排  ||24 24 冯国安 市工商局 4.5 41.5 3 0 56.25 8 3 3 2  0  编排  ||25 26 沙文德 江城工会 4.5 36.5 4 0 56.25 8 4 1 3  0  编排  ||26 25 林举焱 市卫生局 4.5 36 4 0 56.25 8 4 1 3  0  编排  ||27 28 钟良光 阳东县工会 4.5 33 4 0 56.25 8 4 1 3  0  编排 PK ||27 29 卢光磊 市商贸工交责任公司 4.5 33 4 0 56.25 8 4 1 3  0  编排  ||29 27 刘昌愈 江城教育工会 4.5 32.5 4 0 56.25 8 4 1 3  0  编排  ||30 31 谭志毅 市职业技术学校 4.5 30.5 3 0 56.25 8 3 3 2  0  编排  ||31 30 陈国明 市商贸工交责任公司 4.5 30 4 0 56.25 8 4 1 3  0  编排  ||32 33 邓国强 市粤运朗日 4.5 26 4 0 56.25 8 4 1 3  0  编排  ||33 34 杨志明 海陵工会 4 33.5 4 0 50 8 4 0 4  0  编排 PK ||34 35 杨永道 阳东烟草公司 4 31 4 0 50 8 4 0 4  0  编排  ||34 40 陈新锋 市自来水公司 4 31 4 0 50 8 4 0 4  0  编排  ||36 36 罗元发 市自来水公司 4 31 3 0 50 8 3 2 3  0  编排  ||37 45 蔡沂城 市住建局 4 30.5 4 0 50 8 4 0 4  0  编排  ||38 37 李贵洪 市卫生局 4 30.5 2 0 50 8 2 4 2  0  编排  ||39 42 李建武 市政协 4 29.5 4 0 50 8 4 0 4  0  编排  ||40 41 吴光彤 江城教育工会 4 29 4 0 50 8 4 0 4  0  编排  ||41 39 林贯勤 阳江市高级技术学校 4 28.5 4 0 50 8 4 0 4  0  编排  ||42 44 程重文 市粤运朗日 4 28 4 0 50 8 4 0 4  0  编排  ||42 38 张　贤 阳江市一中 4 28 4 0 50 8 4 0 4  0  编排 PK ||44 43 曾文杰 市地税局 4 26.5 2 0 50 8 2 4 2  0  编排  ||45 46 林进铎 江城城南办事处 4 18.5 4 0 50 8 4 0 4  0  编排  ||46 48 廖德元 江城工会 3.5 34 3 0 43.75 8 3 1 4  0  编排  ||47 49 方良计 阳江高级技术学校 3.5 31 3 0 43.75 8 3 1 4  0  编排  ||48 47 陈国强 市公路局 3.5 30 3 0 43.75 8 3 1 4  0  编排 PK ||49 32 梁王灿 市地税局 3.5 28 3 0 43.75 8 3 1 4  0  编排  ||50 51 麦　颂 市商贸工交责任公司 3.5 27 3 0 43.75 8 3 1 4  0  编排  ||50 52 曾宪勇 市政协 3.5 27 3 0 43.75 8 3 1 4  0  编排  ||52 50 黄卫中 市供电局 3.5 27 2 0 43.75 8 2 3 3  0  编排  ||53 53 姚　其 市供电局 3.5 23 3 0 43.75 8 3 1 4  0  编排  ||54 54 李　强 市商贸工交责任公司 3 35 3 0 37.5 8 3 0 5  0  编排 PK ||55 55 罗　明 市职业技术学校 3 29 3 0 37.5 8 3 0 5  0  编排  ||55 57 林牧彪 市政协 3 29 3 0 37.5 8 3 0 5  0  编排  ||57 56 杨　钢 供电局 3 28.5 2 0 37.5 8 2 2 4  0  编排  ||58 58 张　省 市自来水公司 3 26.5 2 0 37.5 8 2 2 4  0  编排  ||59 59 陈　明 市邮政局 3 23.5 3 0 37.5 8 3 0 5  0  编排 PK ||60 60 左乃宁 市商贸工交责任公司 3 23 3 0 37.5 8 3 0 5  0  编排  ||61 61 芩应国 市公路局 2.5 31 2 0 31.25 8 2 1 5  0  编排  ||62 63 赖金龙 阳江市高级技术学校 2 26 2 0 25 8 2 0 5  0  编排  ||63 62 陈文华 阳江石油公司 2 24.5 2 0 25 8 2 0 5  0  编排  ||64 64 曾传合 市公路局 2 21.5 2 0 25 8 2 0 6  0  编排  ||65 65 姚正炳 嘉吉粮油 1.5 22 1 0 18.75 8 1 1 4  0  编排  ||66 66 梁永艺 阳江市高级技术学校 1 26 1 0 12.5 8 1 0 5  0  编排  ||67 68 冯华冠 阳江石油公司 1 21 1 0 12.5 8 1 0 4  0  编排  ||68 67 陆达铁 阳江一中 1 20.5 1 0 12.5 8 1 0 4  0  编排  ||69 69 李　雄 阳江市第三人民医院ss 1 18.5 1 0 12.5 8 1 0 4  0  编排  ||70 70 郑荣昌 市邮政局 1 15 1 0 12.5 8 1 0 4  0  编排  ||71 71 陈　宇 市环保局 0.5 14.5 0 0 6.25 8 0 1 3  0  编排  ||72 72 胡晓峰 市粤运朗日 0 11.5 0 0 0 8 0 0 3  0  编排  ||73 73 陈建国 市公路局 0 11 0 0 0 8 0 0 3  0  编排 PK ||74 74 黄大锋 阳江石油公司 0 10 0 0 0 8 0 0 3  0  编排  ||75 75 黄浩瀚 阳江市高级技术学校 0 9.5 0 0 0 8 0 0 3  0  编排  ||75 76 高　翔 市职业技术学校 0 9.5 0 0 0 8 0 0 2  0  编排  ||77 77 林宇星 江城工会 0 8 0 0 0 8 0 0 2  0  编排  ||78 80 梁治荣 市住建局 0 7.5 0 0 0 8 0 0 2  0  编排  ||79 79 陈　参 市二运 0 5.5 0 0 0 8 0 0 2  0  编排  ||80 81 张学团 市自来水公司 0 5 0 0 0 8 0 0 2  0  编排  ||80 78 林雄光 市住建局 0 5 0 0 0 8 0 0 2  0  编排  ||82 82 王　聪 市工商局 0 4.5 0 0 0 8 0 0 2  0  编排[/DhtmlXQ_comment1]
[DhtmlXQ_type]实战全局/开局[/DhtmlXQ_type]
[DhtmlXQ_timerule][/DhtmlXQ_timerule]
[DhtmlXQ_endtype][/DhtmlXQ_endtype]
[DhtmlXQ_owner][/DhtmlXQ_owner]
[DhtmlXQ_firstnum]0[/DhtmlXQ_firstnum]
[DhtmlXQ_gametype][/DhtmlXQ_gametype]
[DhtmlXQ_generator]www.ccbridge.net[/DhtmlXQ_generator]
[DhtmlXQ_gamepreview]4c9089f52fa1.png[/DhtmlXQ_gamepreview]
[/DhtmlXQ]


