[DhtmlXQ]
[DhtmlXQ_ver]www_vietcotuong_com[/DhtmlXQ_ver]
[DhtmlXQ_init]500,350[/DhtmlXQ_init]
[DhtmlXQ_title]第1轮 第12台 黑龙江 王法强 先负 黑龙江 陈景胜[/DhtmlXQ_title]
[DhtmlXQ_event]2016年大庆杯黑龙江省象棋公开赛[/DhtmlXQ_event]
[DhtmlXQ_date]2016-08-27[/DhtmlXQ_date]
[DhtmlXQ_place]黑龙江省大庆市[/DhtmlXQ_place]
[DhtmlXQ_round][/DhtmlXQ_round]
[DhtmlXQ_table][/DhtmlXQ_table]
[DhtmlXQ_red]王法强[/DhtmlXQ_red]
[DhtmlXQ_redteam][/DhtmlXQ_redteam]
[DhtmlXQ_redrating][/DhtmlXQ_redrating]
[DhtmlXQ_blacktime][/DhtmlXQ_time]
[DhtmlXQ_black]陈景胜[/DhtmlXQ_black]
[DhtmlXQ_blackteam][/DhtmlXQ_blackteam]
[DhtmlXQ_blackrating][/DhtmlXQ_blackrating]
[DhtmlXQ_blacktime][/DhtmlXQ_time]
[DhtmlXQ_result]黑胜[/DhtmlXQ_result]
[DhtmlXQ_open]E21 仙人指路转左中炮对卒底炮飞左象[/DhtmlXQ_open]
[DhtmlXQ_remark][/DhtmlXQ_remark]
[DhtmlXQ_author][/DhtmlXQ_author]
[DhtmlXQ_binit]0919293949596979891777062646668600102030405060708012720323436383[/DhtmlXQ_binit]
[DhtmlXQ_movelist]26251222774720423948103117370010192710160919161927197062796772761927807027357075355463645433753589793533797631127675333666656465756512043707041647172212675536356567120267656274070335550343304165647462434555546463163563333543332354141767023245656082674743354742403042453523[/DhtmlXQ_movelist]
[DhtmlXQ_comment0]排名 编号 姓名 单位 总分 累进分 胜数 犯规 后手数 比轮次 胜率 出场 胜 平 负 称号 等级分 备注   ||1 44 崔伟东 五常 15 86 7 0 4 0 83.33 9 7 1 1  0    ||2 52 齐正江 哈尔滨 14 75 6 0 4 0 77.78 9 6 2 1  0    ||3 20 于雪峰 大庆 14 73 6 0 4 0 77.78 9 6 2 1  0    ||4 22 许廷波 哈尔滨 14 71 5 0 5 0 77.78 9 5 4 0  0    ||5 23 陈景胜 大庆 13 67 6 0 4 0 72.22 9 6 1 2  0    ||6 39 刘俊达 哈尔滨 13 64 6 0 5 0 72.22 9 6 1 2 大师 2480    ||7 57 何伟宁 哈尔滨 13 63 6 0 4 0 72.22 9 6 1 2  0    ||8 65 张　阳 大庆 13 62 4 0 4 0 72.22 9 4 5 0  0    ||9 26 吴金永 齐齐哈尔 12 70 6 0 4 0 66.67 9 6 0 3  0    ||10 53 鲍云祥 大庆 12 64 6 0 4 0 66.67 9 6 0 3  0    ||11 38 刘春阳 铁力 12 63 5 0 5 1 66.67 9 5 2 2  0    ||12 50 王　刚 哈尔滨 12 63 5 0 5 2 66.67 9 5 2 2  0    ||13 15 张金良 肇东 12 63 5 0 4 0 66.67 9 5 2 2  0    ||14 62 曲海君 宝清 12 60 5 0 5 0 66.67 9 5 2 2  0    ||15 66 任　军 哈尔滨 12 56 4 0 4 0 66.67 9 4 4 1  0    ||16 73 罗荣身 大庆 11 60 4 0 4 0 61.11 9 4 3 2  0    ||17 78 刘利春 齐齐哈尔 11 59 3 0 4 0 61.11 9 3 5 1  0    ||18 74 信志伟 大庆 11 57 3 0 5 0 61.11 9 3 5 1  0    ||19 6 张春永 大庆 11 55 5 0 5 0 61.11 9 5 1 3  0    ||20 72 胡加成 大庆 11 52 4 0 4 0 61.11 9 4 3 2  0    ||21 55 吴振明 漠河 11 50 4 0 5 0 61.11 9 4 3 2  0    ||22 41 李建文 齐齐哈尔 11 50 4 0 4 0 61.11 9 4 3 2  0    ||23 12 苏本红 大庆 10 58 4 0 5 0 55.56 9 4 2 3  0    ||24 1 黄家斌 大庆 10 58 3 0 4 0 55.56 9 3 4 2  0    ||25 29 张景德 北安 10 54 4 0 4 0 55.56 9 4 2 3  0    ||26 71 陶立峰 大庆 10 51 4 0 5 0 55.56 9 4 2 3  0    ||27 79 段其航 大庆 10 50 4 0 5 0 55.56 9 4 2 3  0    ||28 69 李　晓 大庆 10 50 3 0 5 0 55.56 9 3 4 2  0    ||29 19 周　坤 依兰 10 48 4 0 4 0 55.56 9 4 2 3  0    ||30 49 刘　君 哈尔滨 10 47 4 0 4 0 55.56 9 4 2 3 大师 0    ||31 43 曲铭贵 鸡西 10 46 5 0 5 0 55.56 9 5 0 4  0    ||32 8 慕伟刚 哈尔滨 10 45 3 0 5 0 55.56 9 3 4 2  0    ||33 59 鲁建勋 大庆 10 43 4 0 5 1 55.56 9 4 2 3  0    ||34 21 操永庆 鸡东 10 43 4 0 5 2 55.56 9 4 2 3  0    ||35 2 邓振东 哈尔滨 10 42 4 0 5 0 55.56 9 4 2 3  0    ||36 3 唐　坤 牡丹江 10 38 4 0 5 0 55.56 9 4 2 3  0    ||37 60 邹风和 建三江 10 37 4 0 5 0 55.56 9 4 2 3  0    ||38 63 张志国 依兰 9 57 4 0 4 0 50 9 4 1 4  0    ||39 7 姜　?r 哈尔滨 9 45 2 0 5 0 50 9 2 5 2  0    ||40 77 肖木印 齐齐哈尔 9 43 4 0 4 0 50 9 4 1 4  0    ||41 9 胡　森 阿成 9 39 4 0 4 0 50 9 4 1 4  0    ||42 56 蒋东良 大庆 9 38 4 0 5 0 50 9 4 1 4  0    ||43 76 索　施 齐齐哈尔 9 35 4 0 5 0 50 9 4 1 4  0    ||44 75 王纯良 大庆 8 52 4 0 4 0 44.44 9 4 0 5  0    ||45 17 姜宇航 阿城 8 51 3 0 4 0 44.44 9 3 2 4  0    ||46 32 张祖进 大庆 8 49 3 0 4 0 44.44 9 3 2 4  0    ||47 45 李雪松 齐齐哈尔 8 45 3 0 4 0 44.44 9 3 2 4 大师 2512    ||48 10 朱　坤 林甸 8 45 2 0 4 0 44.44 9 2 4 3  0    ||49 14 宁立东 安达 8 44 4 0 5 0 44.44 9 4 0 5  0    ||50 34 巨明江 大庆 8 42 4 0 4 0 44.44 9 4 0 5  0    ||51 70 司凤奎 大庆 8 40 3 0 5 0 44.44 9 3 2 4  0    ||52 58 单宏业 建三江 8 34 4 0 4 0 44.44 9 4 0 5  0    ||53 31 李昀修 阿城 8 32 3 0 5 0 44.44 9 3 2 4  0    ||54 11 赵鹏远 阿成 8 24 4 0 5 0 44.44 9 4 0 5  0    ||55 40 刘国功 大庆 7 47 3 0 4 0 38.89 9 3 1 5  0    ||56 16 李　强 大庆 7 43 2 0 4 0 38.89 9 2 3 4  0    ||57 30 王志国 大庆 7 41 3 0 4 0 38.89 9 3 1 5  0    ||58 13 佀军辉 大庆 7 41 1 0 5 0 38.89 9 1 5 3  0    ||59 28 李卓霖 林甸 7 40 3 0 4 0 38.89 9 3 1 5  0    ||60 33 陈永年 大庆 7 37 3 0 5 0 38.89 9 3 1 5  0    ||61 46 闫佳亮 大庆 7 37 3 0 4 0 38.89 9 3 1 5  0    ||62 68 李丹阳 哈尔滨 7 36 2 0 5 0 38.89 9 2 3 4  0    ||63 48 刘　刚 哈尔滨 7 35 3 0 5 0 38.89 9 3 1 5  0    ||64 5 郝世全 大庆 7 30 2 0 5 0 38.89 9 2 3 4  0    ||65 4 朱国君 依兰 6 38 2 0 4 0 33.33 9 2 2 5  0    ||66 64 刘　庆 大庆 6 36 2 0 4 0 33.33 9 2 2 4  0    ||67 36 孙　瑞 大庆 6 34 3 0 4 0 33.33 9 3 0 6  0    ||68 37 郭启平 大庆 6 29 1 0 4 0 33.33 9 1 4 4  0    ||69 42 张振江 大庆 6 28 1 0 5 0 33.33 9 1 4 4  0    ||70 80 陶贵凯 大庆 6 26 3 0 4 0 33.33 9 3 0 6  0    ||71 47 贾鸿绪 佳木斯 6 24 3 0 4 0 33.33 9 3 0 6  0    ||72 24 王法强 大庆 6 22 3 0 5 0 33.33 9 3 0 6  0    ||73 35 王兴刚 安达 6 22 3 0 4 0 33.33 9 3 0 5  0    ||74 54 陈殿发 大庆 6 22 2 0 5 0 33.33 9 2 2 5  0    ||75 25 刘　闯 大兴安岭 4 24 2 0 5 0 22.22 9 2 0 7  0    ||76 67 王子赫 哈尔滨 4 18 2 0 5 0 22.22 9 2 0 7  0    ||77 18 张芮琳 阿城 2 8 1 0 5 0 11.11 9 1 0 8  0    ||78 61 孟广伟 建三江 0 0 0 0 4 0 0 9 0 0 9  0[/DhtmlXQ_comment0]
[DhtmlXQ_comment1]2016年黑龙江省象棋公开赛竞赛规程||||一、主办单位：黑龙江省棋牌协会||||二、承办单位：大庆市总工会、黑龙江海之龙体育发展有限公司||||三、协办单位：大庆市体育局、大庆市象棋协会||||四、比赛时间：2016年8月27日至29日||||五、比赛地点：黑龙江省大庆市总工会职工服务中心||||六、比赛项目：象棋个人赛||||七、参加办法：||||(一)参赛资格：凡黑龙江籍象棋爱好者，身心健康，遵守本赛会竞赛规则的均可报名参加。||||(二)比赛限报200人，报满即止。||||八、比赛办法：||||(一)执行最新《象棋竞赛规则》(2011);||||(二)比赛采用电脑积分编排9轮制（视报名人数决定）||||(三)基本用时：每方用时30分钟，每步加5秒;||||(四)比赛记分：胜局记2分，负局记0分，和局各记1分;||||九、名次区分：||||(一)个人名次区分：执行《规则》14.3.2条款，依次比较积分、累进分、胜局、犯规、后走局数。如无法区分，则去除第一轮得分进行比较，如仍相等，则再去除第二轮的积分，以此类推，直至区分。||||十、录取名次与奖励：||||(一) 录取名次：录取前16名颁发证书。||||(二)奖金(税前)：||||1.个人前32名，奖金分配如下：||||第 一 名：5000元  第 二 名：3000元||||第 三 名：2000元  第 四 名：1000元||||第 五 名：800元   第 六 名： 500元||||第7—16名： 200元           ||||(三)根据《象棋棋手技术等级标准》(中国象棋协会业余序列)规定，达到相应技术等级标准的棋手可申报等级称号。||||十一、报名和报到：||||(一)报名||||11.参赛棋手需缴纳报名费120元(含棋手参赛期间人身意外险10元);汇款帐号，建行卡号：6222 8011 4406 1011 939      户名：李宏尧 开户行：中国建设银行哈尔滨动力支行。报名时需提交姓名、身份证号码、联系电话和汇款凭证。报名联系人：李宏尧，15104568739。||||(二)报到时间和地点：||||  27日下午3点至6点在黑龙江省大庆市帝格尔会议中心报到。26日晚8点技术会议（酒店2楼会议室）||||十二、经费：||||参赛棋手交通、食宿费用自理。||||大会推荐酒店：帝格尔会议中心||||十三、日程安排||||日期|| 时间|| 内容|| 地点|| ||8月26日|| 全天|| 报到||  || ||晚上|| 20:00—21:00|| 领队会||  || ||8月27日|| 上午|| 09:20—09:30|| 开幕式||  || ||09:30—10:30|| 第一轮|| ||11:00—12:00|| 第二轮|| ||中午|| 12:00—14:00|| 午休|| ||下午|| 14:00—15:00|| 第三轮|| ||15:30—16:30|| 第四轮|| ||8月28日|| 上午|| 09:30—10:30|| 第五轮||  || ||11:00—12:00|| 第六轮|| ||中午|| 11:00—12:00|| 午休|| ||下午|||| || 14:00—15:00|| 第七轮|| ||15:30—16:30|| 第八轮|| ||8月29日|| 上午|| 09:00—10:00|| 第九轮||  || ||10点—11点||  ||  || ||11:30|| 颁奖||  || ||下午|| 14:00前|| 离会||  || |||| ||||十四、赛场纪律：||||(一)着装整洁，佩戴运动员证。||||(二)赛场内禁止吸烟，违者当即取消比赛资格及成绩。||||(三)禁止拨打和接听手机(含发布、读取信息)，一次判负。手机响铃一次判违规一次，响两次直接判负。||||(四)严格执行中国象棋协会印发的《象棋比赛赛风赛纪管理办法》凡作弊等违规行为，一经发现，从重处罚。||||十五、本次比赛解释权归黑龙江省棋牌协会。||||十六、未尽事宜，另行通知。[/DhtmlXQ_comment1]
[DhtmlXQ_type]实战全局/开局[/DhtmlXQ_type]
[DhtmlXQ_timerule]30+5[/DhtmlXQ_timerule]
[DhtmlXQ_endtype][/DhtmlXQ_endtype]
[DhtmlXQ_owner][/DhtmlXQ_owner]
[DhtmlXQ_firstnum]0[/DhtmlXQ_firstnum]
[DhtmlXQ_gametype][/DhtmlXQ_gametype]
[DhtmlXQ_generator]www.chasoft.net[/DhtmlXQ_generator]
[DhtmlXQ_gamepreview]786b702fd72e.png[/DhtmlXQ_gamepreview]
[/DhtmlXQ]


