[DhtmlXQ]
[DhtmlXQ_ver]www_vietcotuong_com[/DhtmlXQ_ver]
[DhtmlXQ_init]500,350[/DhtmlXQ_init]
[DhtmlXQ_title]第01轮 第08台 贵州 乐向田 先负 广东 谭琳琳[/DhtmlXQ_title]
[DhtmlXQ_event]2018年第8届杨官璘杯全国象棋公开赛公开组预赛[/DhtmlXQ_event]
[DhtmlXQ_date]2018年8月11日[/DhtmlXQ_date]
[DhtmlXQ_place]东莞市凤岗镇[/DhtmlXQ_place]
[DhtmlXQ_round]第01轮[/DhtmlXQ_round]
[DhtmlXQ_table]第08台[/DhtmlXQ_table]
[DhtmlXQ_red]乐向田[/DhtmlXQ_red]
[DhtmlXQ_redteam]贵州[/DhtmlXQ_redteam]
[DhtmlXQ_redrating][/DhtmlXQ_redrating]
[DhtmlXQ_blacktime][/DhtmlXQ_time]
[DhtmlXQ_black]谭琳琳[/DhtmlXQ_black]
[DhtmlXQ_blackteam]广东[/DhtmlXQ_blackteam]
[DhtmlXQ_blackrating][/DhtmlXQ_blackrating]
[DhtmlXQ_blacktime][/DhtmlXQ_time]
[DhtmlXQ_result]黑胜[/DhtmlXQ_result]
[DhtmlXQ_open]C31 中炮过河车互进七兵对屏风马上士[/DhtmlXQ_open]
[DhtmlXQ_remark][/DhtmlXQ_remark]
[DhtmlXQ_author][/DhtmlXQ_author]
[DhtmlXQ_binit]0919293949596979891777062646668600102030405060708012720323436383[/DhtmlXQ_binit]
[DhtmlXQ_movelist]7747102279677062897980702625636479733041192720421715121373751314757314133948232473757274290700300939303948397073394873534737242507255354273554042547040635230626152513194939422425156254151464657565262939387478485754466560292838392827[/DhtmlXQ_movelist]
[DhtmlXQ_comment0]第八届“杨官璘杯”全国象棋公开赛（公开组）预赛规程|||| ||一、主办单位||中国象棋协会、广东省棋牌项目管理中心、东莞市体育局||二、承办单位||东莞市凤岗镇人民政府||三、竞赛时间和地点||2018年8月11日—8月14日，在东莞市凤岗镇体育馆（杨官璘象棋馆）举行。||四、竞赛项目：男女混合个人赛。||五、参赛资格||（一）未获得“象棋大师”（含）以上称号的选手。||（二）身体健康适合该项运动、有合法身份证明（身份证）的象棋爱好者。||六、竞赛办法||（一）执行最新《象棋竞赛规则》（2011）。||（二）比赛时限：单方45分钟，每步棋加5秒。||（三）采用十一轮电脑积分编排。||（四）积分相同则按以下顺序区分：对手分、胜局、犯规、直胜、后走局数。如无法区分，则比较前一轮成绩，以此类推，直至区分。||七、参赛办法||（一）报名时间：即日起至2018年8月5日。||（二）参赛棋手自由报名，报名费100元，保证金100元。赛后确认参加公开赛的前50名棋手，于公开赛结束后退还保证金，其他棋手保证金在预赛全程比赛（闭幕式）结束后退还。||（三）参赛棋手可关注《棋弈家》微信公众号并缴纳报名费、保证金共200元。也可微信转帐，微信号13537519709(备注：报名成功以收到汇款为准，报名注明参赛棋手姓名和省区)。报名名单于8月1日前在广东象棋网和《棋弈家》微信公众号公布。||（四）参赛棋手报到时请携带本人身份证，否则报名无效。||（五）报名联系人：吴章东13537519709  高铭建17722382219  谢启文13428432169||八、录取名次及奖励||（一）前50名棋手获得参加第八届“杨官璘杯”全国象棋公开赛的资格，不可重复报名或变更组别参赛。||（二）奖励：第一名5000元、第二名3000元、第三名1500元、第四名1000元、第五名800元、第六名600元、第七、八名各500元、第九至二十名各300元。||（三）男、女前6名且具有“三级运动员”（含）以上或“棋协大师”技术等级称号的棋手将获得参加2018年全国象棋锦标赛（个人）乙组参赛资格，该资格不顺延。||九、报到时间、地点||时间：2018年8月10日9：00—18：00||地点：东莞市凤岗镇体育馆||十、竞赛日程||十一、经费：参赛者一切费用自理。||十二、关于保险：||    参赛者须身体健康且适合参加本项目者，须自行购买人身意外伤害保险(保险保障范围包括但不仅限于突发疾病，交通意外，第三者伤害等在参赛期间可能发生的一切人身及财产损失)。如因为未购买保险而出现意外伤害无法赔付的情况，与比赛组委会无关。||十三、未尽事宜，另行通知||中国象棋协会||二〇一八年七月一日[/DhtmlXQ_comment0]
[DhtmlXQ_comment1]2018第8届杨官璘杯公开组预赛：信息 规程 排名 对阵 统计 棋谱||比赛组织：中国象棋协会、广东省棋牌项目管理中心、东莞市体育总会 东莞市凤岗镇人民政府 ||提示：点击列表头姓名、单位等字样可按该列重排序。||排名编号姓名	单位总分  对手分胜数犯规直胜后手数胜率	出场	胜	平	负	称号	等级分	备注PK||1	5	李　禹	广东	17	151	7	0	1	5	77.27	11	7	3	1		0||2	97	刘立山	广东	17	151	7	0	2	5	77.27	11	7	3	1		0||3	154	王　昊	北京	17	150	7	0	0	5	77.27	11	7	3	1	-	2450||4	116	陈柳刚	贵州	17	143	7	0	0	6	77.27	11	7	3	1		0||5	3	林进春	东莞	16	155	6	0	0	6	72.73	11	6	4	1		0||6	81	崔　航	深圳	16	154	7	0	0	5	72.73	11	7	2	2		0||7	128	伍世钦	凤岗	16	143	8	0	0	5	72.73	11	8	0	3		0||8	83	左代元	贵州	16	143	6	0	0	5	72.73	11	6	4	1		0||9	94	吴欣洋	浙江	16	143	5	0	0	6	72.73	11	5	6	0	-	2366||10	62	李小龙	陕西	15	152	5	0	0	5	68.18	11	5	5	1	-	2371||11	166	柳　天	江苏	15	144	4	0	0	5	68.18	11	4	7	0	-	2444||12	130	杨鸿轲	兴宁	15	139	5	0	0	5	68.18	11	5	5	1		0||13	132	邹进忠	厦门	15	137	7	0	0	5	68.18	11	7	1	3		0||14	50	刘云达	湖南	15	135	6	0	0	5	68.18	11	6	3	2		0||15	25	陈树雄	汕头	15	132	6	0	0	5	68.18	11	6	3	2		0||16	158	范　磊	辽宁	15	124	6	0	0	6	68.18	11	6	3	2		0||17	106	高　菲	陕西	15	121	4	0	0	6	68.18	11	4	7	0	-	2350||18	157	蔡佑广	广东	14	165	5	0	0	5	63.64	11	5	4	2		0||19	137	郑宇航	浙江	14	150	5	0	0	5	63.64	11	5	4	2		0||20	20	梁运龙	凤岗	14	149	3	0	0	5	63.64	11	3	8	0		0||21	164	钱　君	清远	14	148	6	0	0	5	63.64	11	6	2	3		0||22	45	梁雅让	广东	14	146	5	0	0	5	63.64	11	5	4	2		0||23	172	朱少钧	广东	14	145	4	0	0	6	63.64	11	4	6	1		0||24	96	莫梓健	凤岗	14	144	6	0	0	5	63.64	11	6	2	3		0||25	14	方招圣	江西	14	144	4	0	0	6	63.64	11	4	6	1		0||26	43	陆安京	广西	14	140	5	0	0	6	63.64	11	5	4	2		0||27	160	张朝辉	惠州	14	139	6	0	0	5	63.64	11	6	2	3		0||28	138	蒋融冰	上海	14	138	6	0	0	5	63.64	11	6	2	3		0||29	63	李　进	惠州	14	138	4	0	0	5	63.64	11	4	6	1		0||30	69	孔令义	湖北	14	134	5	0	0	5	63.64	11	5	4	2		0||31	162	黄向晖	深圳	14	132	6	0	0	6	63.64	11	6	2	3		0||32	136	刘宇彬	广州	14	130	7	0	0	6	63.64	11	7	0	4		0||33	8	刘宗泽	湖北	14	129	6	0	0	5	63.64	11	6	2	3		0||34	95	王发庚	湖北	14	125	6	0	0	6	63.64	11	6	2	3		0||35	1	贺利刚	深圳	14	124	7	0	0	5	63.64	11	7	0	4		0||36	123	杨　旭	内蒙古	14	122	5	0	1	5	63.64	11	5	4	2		0||36	115	李可东	广州	14	122	5	0	1	5	63.64	11	5	4	2		0||38	169	龚　庆	湖南	14	121	7	0	0	5	63.64	11	7	0	4		0||39	151	简嘉康	广东	14	105	6	0	0	5	63.64	11	6	2	3		0||40	44	梁　林	湖南	13	147	5	0	0	5	59.09	11	5	3	3		0||41	98	陈文林	四川	13	146	4	0	0	6	59.09	11	4	5	2		0||42	71	周　涛	北京	13	142	4	0	0	5	59.09	11	4	5	2		0||43	156	蒋业彬	东莞	13	140	5	0	0	5	59.09	11	5	3	3		0||44	24	李祖高	浙江	13	135	6	0	0	5	59.09	11	6	1	4		0||45	104	张　铭	东莞	13	132	6	0	0	5	59.09	11	6	1	4		0||46	30	龙　龚	深圳	13	132	5	0	0	6	59.09	11	5	3	3		0||47	34	黄晓奎	广东	13	131	5	0	0	6	59.09	11	5	3	3		0||48	148	邹向阳	湖南	13	129	6	0	0	5	59.09	11	6	1	4		0||49	35	高家煊	杭州	13	127	5	0	0	6	59.09	11	5	3	3		0||50	55	田长兴	北京	13	126	5	0	0	6	59.09	11	5	3	3		0||51	113	李永勤	贵州	13	125	6	0	0	6	59.09	11	6	1	4		0||52	163	戴　金	湖南	13	123	4	0	0	6	59.09	11	4	5	2		0||53	60	闵　仁	四川	13	122	5	0	1	5	59.09	11	5	3	3		0||53	17	张民革	陕西	13	122	5	0	1	5	59.09	11	5	3	3		0||55	76	莫伟明	广东	13	115	5	0	0	6	59.09	11	5	3	3		0||56	90	丁跃辉	湖南	13	112	6	0	0	6	59.09	11	6	1	4		0||57	124	陈羽琦	广州	12	140	5	0	0	5	54.55	11	5	2	4		0||58	36	陈准旗	广东	12	137	5	0	0	5	54.55	11	5	2	4		0	||59	26	范向军	河北	12	136	6	0	0	6	54.55	11	6	0	5		0||60	122	黄　晋	广州	12	135	5	0	0	6	54.55	11	5	2	4		0||61	147	郭小麟	广州	12	135	4	0	0	6	54.55	11	4	4	3		0||62	75	马际平	湖北	12	131	5	0	0	6	54.55	11	5	2	4		0||63	110	刘树林	湖北	12	130	5	0	0	6	54.55	11	5	2	4		0||64	82	王文志	湖北	12	129	4	0	0	6	54.55	11	4	4	3		0||65	65	曹鸿均	黑龙江	12	128	4	0	0	5	54.55	11	4	4	3		0||66	126	黎树坚	广西	12	125	6	0	0	6	54.55	11	6	0	5		0||67	67	吕俊霖	四川	12	124	5	0	0	6	54.55	11	5	2	4		0||68	159	许永亮	黑龙江	12	124	4	0	0	5	54.55	11	4	4	3		0||69	143	谢文涛	湖北	12	122	4	0	0	6	54.55	11	4	4	3		0||70	40	黄梓恒	广东	12	121	5	0	0	5	54.55	11	5	2	4		0	||71	11	曾　琦	湖南	12	119	5	0	0	6	54.55	11	5	2	4		0||72	107	何　媛	广东	12	117	5	0	0	6	54.55	11	5	2	4		0||73	85	李　群	湖北	12	115	6	0	0	6	54.55	11	6	0	5		0||74	150	陈孟希	广东	12	110	5	0	0	5	54.55	11	5	2	4		0||75	125	邬风华	湖北	11	140	4	0	0	5	50	11	4	3	4		0||76	131	林　葵	广东	11	137	4	0	0	5	50	11	4	3	4		0||77	57	刘小敏	江西	11	135	5	0	0	5	50	11	5	1	5		0||78	84	陈雅文	广东	11	129	4	0	0	5	50	11	4	3	4		0||79	127	覃学敬	广西	11	123	5	0	0	6	50	11	5	1	5		0||80	12	黄雨观	广西	11	121	5	0	0	5	50	11	5	1	5		0||81	161	杨　怀	湖南	11	120	5	0	0	6	50	11	5	1	5		0||82	129	段星汉	湖北	11	120	3	0	0	6	50	11	3	5	3		0||83	144	李国彩	湖南	11	118	3	0	0	6	50	11	3	5	3		0||84	10	劳德政	广西	11	117	5	0	0	6	50	11	5	1	5		0||85	133	陈家平	四川	11	117	4	0	0	5	50	11	4	3	4		0||86	114	阳成语	广东	11	115	5	0	1	6	50	11	5	1	5		0||87	4	张柏阳	天津	11	115	5	0	1	5	50	11	5	1	5		0||88	68	郭一泽	凤岗	11	114	4	0	1	6	50	11	4	3	4		0||89	32	周　刚	贵州	11	114	4	0	1	5	50	11	4	3	4		0||90	146	叶添青	广东	11	110	5	0	0	5	50	11	5	1	5		0	||91	153	叶　昊	凤岗	11	107	4	0	0	5	50	11	4	3	4		0||92	38	杨乐平	广州	11	100	5	0	0	6	50	11	5	1	5		0||93	155	谢启文	凤岗	11	99	4	0	0	5	50	11	4	3	4		0||94	15	谭琳琳	广东	10	139	4	0	0	6	45.45	11	4	2	5		0||95	165	梁敏峰	广东	10	135	4	0	0	6	45.45	11	4	2	5		0||96	29	杜成俊	湖北	10	131	4	0	0	5	45.45	11	4	2	5		0||97	167	赖石飞	广州	10	127	4	0	0	6	45.45	11	4	2	5		0||98	21	陆　威	湖南	10	127	3	0	0	5	45.45	11	3	4	4		0||99	64	唐　炯	湖北	10	126	4	0	0	5	45.45	11	4	2	5		0||100	56	李家林	广东	10	124	4	0	0	5	45.45	11	4	2	5		0||101	142	段文晗	湖南	10	123	4	0	0	6	45.45	11	4	2	5		0||102	13	劉建中	香港	10	121	3	0	0	5	45.45	11	3	4	4		0	||103	70	吴彭生	广州	10	119	3	0	0	6	45.45	11	3	4	4		0||104	135	吕　进	四川	10	118	4	0	1	6	45.45	11	4	2	5		0||105	41	范　银	河南	10	118	4	0	1	5	45.45	11	4	2	5		0||106	80	杨力苏	辽宁省	10	118	3	0	0	5	45.45	11	3	4	4		0||107	152	杨建平	湖北	10	117	4	0	0	5	45.45	11	4	2	5		0||108	27	石教才	湖北	10	117	3	0	0	6	45.45	11	3	4	4		0||109	61	石　珺	深圳	10	115	4	0	0	5	45.45	11	4	2	5		0||110	54	刘海雷	深圳	10	112	3	0	0	6	45.45	11	3	4	4		0||111	23	赵金华	塘厦	10	110	4	0	0	6	45.45	11	4	2	5		0||112	120	彭庆亮	湖南	10	109	4	0	0	5	45.45	11	4	2	5		0	||113	9	雷留龙	湖南	10	108	3	0	0	5	45.45	11	3	4	4		0||114	66	张宇龙	广东	10	107	4	0	1	6	45.45	11	4	2	5		0	||114	79	何含露	广东	10	107	4	0	1	6	45.45	11	4	2	5		0||116	47	彭当益	湖北	10	91	3	0	0	6	45.45	11	3	4	4		0||117	170	林小蕃	汕头	9	130	3	0	0	6	40.91	11	3	3	5		0||118	139	李小刚	湖北	9	127	3	0	0	6	40.91	11	3	3	5		0||119	140	周开生	湖南	9	122	3	0	0	6	40.91	11	3	3	5		0||120	117	陈忠敏	湖南	9	121	2	0	0	6	40.91	11	2	5	4		0	||121	7	郭绮航	广东	9	111	4	0	0	6	40.91	11	4	1	6		0||122	37	陈卫民	湖南	9	109	2	0	0	5	40.91	11	2	5	4		0||123	168	伍光华	云南	9	106	3	0	0	5	40.91	11	3	3	5		0||124	88	刘　宪	深圳	9	104	3	0	0	5	40.91	11	3	3	5		0	||125	91	田澍原	云南	9	101	3	0	1	6	40.91	11	3	3	5		0||125	39	田　清	云南	9	101	3	0	1	6	40.91	11	3	3	5		0||127	33	余志华	null	9	100	4	0	0	5	40.91	11	4	1	6		0||128	42	钟至峣	广州	9	100	3	0	0	6	40.91	11	3	3	5		0||129	31	黄加喜	清远	9	92	3	0	0	6	40.91	11	3	3	5		0||130	141	林煜佳	凤岗	9	92	1	0	0	5	40.91	11	1	7	3		0||131	108	施华山	江西	8	138	3	0	0	5	36.36	11	3	2	6		0||132	72	王振夏	深圳	8	131	4	0	0	5	36.36	11	4	0	7		0||133	6	彭书斌	湖北	8	114	3	0	0	6	36.36	11	3	2	6		0||134	118	钟启迪	广东	8	112	2	0	0	6	36.36	11	2	4	5		0	||135	171	莫照宾	广西	8	106	4	0	0	5	36.36	11	4	0	7		0	||136	59	成雨泽	广东	8	105	3	0	0	6	36.36	11	3	2	6		0||137	87	李国富	湖北	8	104	2	0	0	6	36.36	11	2	4	5		0	||138	109	郑雅琪	凤岗	8	103	3	0	0	5	36.36	11	3	2	6		0||139	22	黄俊林	东莞	8	100	3	0	0	6	36.36	11	3	2	6		0||140	121	郭孔优	湖南	8	99	4	0	0	6	36.36	11	4	0	7		0	||141	174	林玉成	深圳	8	98	3	0	0	5	36.36	11	3	2	6		0||142	102	张雨虹	辽宁	8	97	2	0	0	6	36.36	11	2	4	5		0||143	77	叶　祯	广东	8	94	3	0	0	5	36.36	11	3	2	6		0||144	74	蔡曜阳	东莞	8	93	3	0	0	5	36.36	11	3	2	6		0	||145	103	苏　平	云南	8	88	4	0	0	6	36.36	11	4	0	7		0||146	51	江会华	湖北	7	108	2	0	0	6	31.82	11	2	3	6		0||147	99	冯莹莹	广东	7	106	3	0	0	6	31.82	11	3	1	7		0||148	16	乐向田	贵州	7	94	3	0	0	6	31.82	11	3	1	7		0||149	19	铁金介	云南	7	94	2	0	1	6	31.82	11	2	3	6		0	||149	105	周晋梆	东莞	7	94	2	0	1	6	31.82	11	2	3	6		0	||151	48	张庆华	陕西	7	92	2	0	0	5	31.82	11	2	3	6		0||152	100	庄　远	浙江	7	87	1	0	0	5	31.82	11	1	5	5		0	||153	18	赵倩婷	东莞	7	84	2	0	0	6	31.82	11	2	3	6		0	||154	111	刘延海	江西	7	76	1	0	0	6	31.82	11	1	5	5		0||155	119	汪兴平	凤岗	6	104	2	0	0	6	27.27	11	2	2	7		0	||156	46	庄伟麒	香港	5	100	2	0	0	6	22.73	11	2	1	8		0	||157	2	彭　博	湖南	5	85	2	0	0	6	22.73	11	2	1	8		0||158	112	赵恩浩	东莞	4	95	1	0	0	6	18.18	11	1	2	8		0	||159	58	王明宇	河南	4	85	2	0	0	6	18.18	11	2	0	9		0	||160	49	伍　阳	江西	3	80	1	0	0	6	13.64	11	1	1	9		0||161	101	邓汝东	广东	3	64	1	0	0	3	21.43	7	1	1	5		0	||162	28	程圳滨	深圳	3	50	1	0	0	2	30	5	1	1	3		0	||163	173	钟　纯	湖南	2	64	0	0	0	3	14.29	7	0	2	5		0	||164	53	谢红伟	湖北	2	50	1	0	0	2	20	5	1	0	4		0||165	93	陈红标	茂名	0	27	0	0	0	1	0	2	0	0	2		0||166	149	梁美林	湖南	0	26	0	0	0	1	0	2	0	0	2		0||167	145	张　飞	湖南	0	25	0	0	0	1	0	2	0	0	2		0||168	92	常　理	广东	0	20	0	0	0	1	0	2	0	0	2		0||169	89	万其毅	深圳	0	13	0	0	0	0	0	2	0	0	1		0||170	86	李绍安	东莞	0	12	0	0	0	1	0	2	0	0	1		0||171	134	冯运锡	云南	0	11	0	0	0	1	0	2	0	0	1		0||172	78	覃庆和	广西	0	8	0	0	1	1	0	2	0	0	1		0||173	73	杨昌荣	贵州	0	8	0	0	1	0	0	2	0	0	1		0||174	52	黄永云	惠州	0	7	0	0	0	0	0	2	0	0	1		0[/DhtmlXQ_comment1]
[DhtmlXQ_type]实战全局/开局[/DhtmlXQ_type]
[DhtmlXQ_timerule]45+5[/DhtmlXQ_timerule]
[DhtmlXQ_endtype][/DhtmlXQ_endtype]
[DhtmlXQ_owner][/DhtmlXQ_owner]
[DhtmlXQ_firstnum]0[/DhtmlXQ_firstnum]
[DhtmlXQ_gametype][/DhtmlXQ_gametype]
[DhtmlXQ_generator]www.ccbridge.net[/DhtmlXQ_generator]
[DhtmlXQ_gamepreview]e697afcedb3a.png[/DhtmlXQ_gamepreview]
[/DhtmlXQ]


