[DhtmlXQ]
[DhtmlXQ_ver]www_vietcotuong_com[/DhtmlXQ_ver]
[DhtmlXQ_init]500,350[/DhtmlXQ_init]
[DhtmlXQ_title]第2轮 第06台 辽宁 滕飞 先和 辽宁 于述南[/DhtmlXQ_title]
[DhtmlXQ_event]2016大庆杯全国象棋公开赛[/DhtmlXQ_event]
[DhtmlXQ_date]2016-08-24[/DhtmlXQ_date]
[DhtmlXQ_place]黑龙江省大庆市[/DhtmlXQ_place]
[DhtmlXQ_round][/DhtmlXQ_round]
[DhtmlXQ_table][/DhtmlXQ_table]
[DhtmlXQ_red]滕飞[/DhtmlXQ_red]
[DhtmlXQ_redteam][/DhtmlXQ_redteam]
[DhtmlXQ_redrating][/DhtmlXQ_redrating]
[DhtmlXQ_blacktime][/DhtmlXQ_time]
[DhtmlXQ_black]于述南[/DhtmlXQ_black]
[DhtmlXQ_blackteam][/DhtmlXQ_blackteam]
[DhtmlXQ_blackrating][/DhtmlXQ_blackrating]
[DhtmlXQ_blacktime][/DhtmlXQ_time]
[DhtmlXQ_result]和局[/DhtmlXQ_result]
[DhtmlXQ_open]C97 五八炮互进三兵对屏风马[/DhtmlXQ_open]
[DhtmlXQ_remark][/DhtmlXQ_remark]
[DhtmlXQ_author][/DhtmlXQ_author]
[DhtmlXQ_binit]0919293949596979891777062646668600102030405060708012720323436383[/DhtmlXQ_binit]
[DhtmlXQ_movelist]774770627967807089791022666523241907030417136042132300030919032319127282797062701211304111187051187843447858517247442425262523255878725369472524447482727404240478720406[/DhtmlXQ_movelist]
[DhtmlXQ_comment0]排名 编号 姓名 单位 总分 累进分 胜数 犯规 后手数 胜率 出场 胜 平 负 称号 等级分 备注   ||1 31 郝继超 黑龙江 16 85 7 0 5 88.89 9 7 2 0 特大 2552    ||2 74 金　松 辽宁 14 77 6 0 4 77.78 9 6 2 1 大师 2443    ||3 4 崔　革 黑龙江 14 71 6 0 4 77.78 9 6 2 1 大师 2543    ||4 85 吴金永 个人 13 72 5 0 5 72.22 9 5 3 1  0    ||5 38 胡庆阳 黑龙江 13 68 6 0 4 72.22 9 6 1 2 大师 0    ||6 10 刘俊达 黑龙江 13 67 5 0 5 72.22 9 5 3 1 大师 2480    ||7 46 宿少峰 内蒙古 13 63 5 0 4 72.22 9 5 3 1 大师 2455    ||8 53 窦　超 河北 12 69 5 0 4 66.67 9 5 2 2  2405    ||9 62 曹鸿均 黑龙江 12 66 6 0 4 66.67 9 6 0 3  0    ||10 66 滕　飞 辽宁 12 66 4 0 5 66.67 9 4 4 1  2403    ||11 24 苗利明 河北 12 64 5 0 4 66.67 9 5 2 2 大师 2507    ||12 67 何伟宁 黑龙江 12 64 4 0 4 66.67 9 4 4 1  0    ||13 59 于雪峰 个人 12 63 5 0 5 66.67 9 5 2 2  0    ||14 36 李福刚 黑龙江 12 63 4 0 4 66.67 9 4 4 1  0    ||15 43 龚　岩 河北 12 62 5 0 5 66.67 9 5 2 2  0    ||16 12 黄家斌 个人 12 61 5 0 4 66.67 9 5 2 2  0    ||17 22 孙俊杰 辽宁 12 60 5 0 5 66.67 9 5 2 2  0    ||18 33 崔　岩 辽宁 12 60 4 0 4 66.67 9 4 4 1 大师 2355    ||19 37 吴长波 个人 12 59 4 0 5 66.67 9 4 4 1  0    ||20 17 蒋凤山 河北 11 63 4 0 4 61.11 9 4 3 2  2443    ||21 55 华　东 浙江 11 60 5 0 4 61.11 9 5 1 3  0    ||22 40 于述南 辽宁 11 59 3 0 5 61.11 9 3 5 1  0    ||23 65 张春永 个人 11 50 5 0 4 61.11 9 5 1 3  0    ||24 60 陈幸琳 广东 11 49 4 0 5 61.11 9 4 3 2 特大 2415    ||25 75 单宏业 个人 11 48 5 0 5 61.11 9 5 1 3  0    ||26 20 李臻辉 个人 11 47 4 0 4 61.11 9 4 3 2  0    ||27 76 鲁建勋 个人 11 45 4 0 5 61.11 9 4 3 2  0    ||28 3 周　坤 个人 11 44 4 0 5 61.11 9 4 3 2  0    ||29 57 刘　京 黑龙江 10 58 3 0 5 55.56 9 3 4 2  0    ||30 71 胡加成 个人 10 54 4 0 5 55.56 9 4 2 3  0    ||31 50 信志伟 个人 10 52 4 0 5 55.56 9 4 2 3  0    ||32 13 刘德昕 个人 10 51 4 0 5 55.56 9 4 2 3  0    ||33 14 王　贵 个人 10 50 5 0 5 55.56 9 5 0 4  0    ||34 28 张金良 个人 10 50 5 0 4 55.56 9 5 0 4  0    ||35 39 苏本红 个人 10 46 5 0 5 55.56 9 5 0 4  0    ||36 27 鲍云祥 个人 10 45 4 0 5 55.56 9 4 2 3  0    ||37 25 那科学 个人 10 44 5 0 4 55.56 9 5 0 4  0    ||38 86 李锦辉 个人 10 42 5 0 5 55.56 9 5 0 4  0    ||39 68 刘春阳 黑龙江 10 40 4 0 5 55.56 9 4 2 3  0    ||40 58 吴振明 黑龙江 9 53 4 0 5 50 9 4 1 4  0    ||41 70 张　阳 广东 9 48 3 0 5 50 9 3 3 3  0    ||42 51 李清顺 个人 9 47 4 0 4 50 9 4 1 4  0    ||43 72 曲铭贵 个人 9 46 3 0 4 50 9 3 3 3  0    ||44 41 邓振东 广东 9 45 4 0 4 50 9 4 1 4  0    ||45 77 谭立锋 个人 9 42 3 0 4 50 9 3 3 3  0    ||46 21 李冬宝 安徽 9 41 4 0 4 50 9 4 1 4  0    ||47 56 李建文 山西 9 38 4 0 4 50 9 4 1 4  0    ||48 19 郭启平 个人 9 38 3 0 5 50 9 3 3 3  0    ||49 48 赵金杰 个人 9 37 4 0 4 50 9 4 1 4  0    ||50 81 宋晓琬 火车头 8 52 4 0 4 44.44 9 4 0 5 大师 2250    ||51 8 宁立东 个人 8 50 3 0 4 44.44 9 3 2 4  0    ||52 47 吕学东 辽宁 8 49 3 0 4 44.44 9 3 2 4  0    ||53 84 杨广海 个人 8 45 3 0 4 44.44 9 3 2 4  0    ||54 29 曲海君 个人 8 42 3 0 4 44.44 9 3 2 4  0    ||55 61 蒋东良 个人 8 40 2 0 5 44.44 9 2 4 3  0    ||56 18 刘玉桐 个人 8 40 2 0 4 44.44 9 2 4 3  0    ||57 45 崔忠亮 个人 8 38 4 0 5 44.44 9 4 0 5  0    ||58 73 巨明江 个人 8 38 4 0 4 44.44 9 4 0 5  0    ||59 6 操永庆 黑龙江 8 36 3 0 4 44.44 9 3 2 4  0    ||59 49 李少滨 个人 8 36 3 0 4 44.44 9 3 2 4  0    ||61 69 张景德 个人 8 33 3 0 4 44.44 9 3 2 4  0    ||62 64 朱国君 个人 8 28 4 0 4 44.44 9 4 0 5  0    ||63 83 高　鹏 陕西 8 24 4 0 4 44.44 9 4 0 5  0    ||64 44 辛　铁 个人 7 43 3 0 4 38.89 9 3 1 5  0    ||65 16 马宗勤 个人 7 42 2 0 4 38.89 9 2 3 4  0    ||66 87 孙　瑞 个人 7 39 3 0 5 38.89 9 3 1 5  0    ||67 9 李权威 个人 7 39 3 0 4 38.89 9 3 1 5  0    ||68 52 贾松安 个人 7 31 2 0 4 38.89 9 2 3 4  0    ||69 23 宋承彦 个人 7 28 3 0 5 38.89 9 3 1 5  0    ||70 30 陈亚全 个人 6 39 2 0 5 33.33 9 2 2 5  0    ||71 78 朱　坤 个人 6 34 3 0 5 33.33 9 3 0 6  0    ||72 54 张志国 山东 6 34 3 0 4 33.33 9 3 0 6  0    ||73 2 全万林 个人 6 34 1 0 5 33.33 9 1 4 4  0    ||74 82 刘　惠 河北 6 32 1 0 5 33.33 9 1 4 4  0    ||75 26 李　晓 个人 6 31 2 0 5 33.33 9 2 2 5  0    ||76 1 陈永年 个人 6 31 1 0 4 33.33 9 1 4 4  0    ||77 80 唐　坤 个人 6 28 3 0 5 33.33 9 3 0 6  0    ||78 15 张祖迪 个人 6 26 2 0 5 33.33 9 2 2 5  0    ||79 88 郝世全 个人 6 24 3 0 5 33.33 9 3 0 6  0    ||80 7 孟广伟 个人 6 19 2 0 5 33.33 9 2 2 5  0    ||81 35 董　理 个人 5 35 2 0 4 27.78 9 2 1 5  0    ||82 79 闫心宝 个人 5 35 1 0 4 27.78 9 1 3 5  0    ||83 63 潘亮雨 个人 5 27 2 0 5 27.78 9 2 1 6  0    ||84 5 郝吉华 吉林 5 23 2 0 5 27.78 9 2 1 6  0    ||85 11 姜　?r 黑龙江 5 15 2 0 5 27.78 9 2 1 6  0    ||86 32 宫振举 个人 4 14 2 0 4 22.22 9 2 0 6  0    ||87 42 迟国峰 个人 2 12 1 0 5 11.11 9 1 0 8  0    ||88 34 胡存龙 个人 0 0 0 0 5 0 9 0 0 9  0[/DhtmlXQ_comment0]
[DhtmlXQ_comment1]2016年全国象棋公开赛竞赛规程||||一、主办单位：中国象棋协会||||二、承办单位：黑龙江省棋牌协会、大庆市总工会、黑龙江海之龙体育发展有限公司||||三、协办单位：大庆市体育局、大庆市象棋协会||||四、比赛时间：2016年8月24日至26日||||五、比赛地点：黑龙江省大庆市总工会职工服务中心||||六、比赛项目：象棋个人赛||||七、参加办法：||||(一)参赛资格：凡象棋爱好者，身心健康，遵守本赛会竞赛规则的均可报名参加。||||(二)比赛限报200人，报满即止。||||八、比赛办法：||||(一)执行最新《象棋竞赛规则》(2011);||||(二)比赛采用电脑积分编排9轮制（视报名人数决定）||||(三)基本用时：每方用时30分钟，每步加5秒;||||(四)比赛记分：胜局记2分，负局记0分，和局各记1分;||||九、名次区分：||||(一)个人名次区分：执行《规则》14.3.2条款，依次比较积分、累进分、胜局、犯规、后走局数。如无法区分，则去除第一轮得分进行比较，如仍相等，则再去除第二轮的积分，以此类推，直至区分。||||十、录取名次与奖励：||||(一) 录取名次：录取前16名颁发证书。||||(二)奖金(税前)：||||1.个人前32名，奖金分配如下：||||第 一 名：20000元    第 二 名：10000元||||第 三 名： 5000元    第 四 名： 3000元||||第 五 名： 2500元    第 六 名： 1300元||||第7—16名： 500元    第17名—32名：200元||||(三)根据《象棋棋手技术等级标准》(中国象棋协会业余序列)规定，达到相应技术等级标准的棋手可申报等级称号。||||十一、报名和报到：||||(一)报名||||1.参赛棋手需缴纳报名费200元(含棋手参赛期间人身意外险10元);汇款帐号，建行卡号：6222 8011 4406 1011 939      户名：李宏尧 开户行：中国建设银行哈尔滨动力支行。报名时需提交姓名、身份证号码、联系电话和汇款凭证。报名联系人：李宏尧，15104568739。||||(二)报到时间和地点：||||  23日下午3点至6点在黑龙江省大庆市帝格尔会议中心报到。23日晚8点技术会议（酒店2楼会议室）||||十二、经费：||||参赛棋手交通、食宿费用自理。||||大会推荐酒店：帝格尔会议中心||||十三、日程安排||||日期|| 时间|| 内容|| 地点|| ||8月23日|| 全天|| 报到||  || ||晚上|| 21:00—22:00|| 领队会||  || ||8月24日|| 上午|| 09:20—09:30|| 开幕式||  || ||09:30—10:30|| 第一轮|| ||11:00—12:00|| 第二轮|| ||中午|| 12:00—14:00|| 午休|| ||下午|| 14:00—15:00|| 第三轮|| ||15:30—16:30|| 第四轮|| ||8月25日|| 上午|| 09:30—10:30|| 第五轮||  || ||11:00—12:00|| 第六轮|| ||中午|| 11:00—12:00|| 午休|| ||下午|||| || 14:00—15:00|| 第七轮|| ||15:30—16:30|| 第八轮|| ||8月26日|| 上午|| 09:00—10:00|| 第九轮||  || ||10点—11点||  ||  || ||11:30|| 颁奖||  || ||下午|| 14:00前|| 离会||  || |||| ||||十四、赛场纪律：||||(一)着装整洁，佩戴运动员证。||||(二)赛场内禁止吸烟，违者当即取消比赛资格及成绩。||||(三)禁止拨打和接听手机(含发布、读取信息)，一次判负。手机响铃一次判违规一次，响两次直接判负。||||(四)严格执行中国象棋协会印发的《象棋比赛赛风赛纪管理办法》凡作弊等违规行为，一经发现，从重处罚。||||十五、本次比赛解释权归中国象棋协会。||||十六、未尽事宜，另行通知。||||[/DhtmlXQ_comment1]
[DhtmlXQ_type]实战全局/开局[/DhtmlXQ_type]
[DhtmlXQ_timerule]30+5[/DhtmlXQ_timerule]
[DhtmlXQ_endtype][/DhtmlXQ_endtype]
[DhtmlXQ_owner][/DhtmlXQ_owner]
[DhtmlXQ_firstnum]0[/DhtmlXQ_firstnum]
[DhtmlXQ_gametype][/DhtmlXQ_gametype]
[DhtmlXQ_generator]www.chasoft.net[/DhtmlXQ_generator]
[DhtmlXQ_gamepreview]24ae9ae670de.png[/DhtmlXQ_gamepreview]
[/DhtmlXQ]


