[DhtmlXQ]
[DhtmlXQ_ver]www_vietcotuong_com[/DhtmlXQ_ver]
[DhtmlXQ_init]500,350[/DhtmlXQ_init]
[DhtmlXQ_title]第01轮 第62台 广东 张剑明 先胜 广东 蔡佑广[/DhtmlXQ_title]
[DhtmlXQ_event]2014年广州市象棋甲组联赛[/DhtmlXQ_event]
[DhtmlXQ_date]2014年10月18日[/DhtmlXQ_date]
[DhtmlXQ_place]广州棋院[/DhtmlXQ_place]
[DhtmlXQ_round][/DhtmlXQ_round]
[DhtmlXQ_table][/DhtmlXQ_table]
[DhtmlXQ_red]张剑明[/DhtmlXQ_red]
[DhtmlXQ_redteam][/DhtmlXQ_redteam]
[DhtmlXQ_redrating][/DhtmlXQ_redrating]
[DhtmlXQ_blacktime][/DhtmlXQ_time]
[DhtmlXQ_black]蔡佑广[/DhtmlXQ_black]
[DhtmlXQ_blackteam][/DhtmlXQ_blackteam]
[DhtmlXQ_blackrating][/DhtmlXQ_blackrating]
[DhtmlXQ_blacktime][/DhtmlXQ_time]
[DhtmlXQ_result]红胜[/DhtmlXQ_result]
[DhtmlXQ_open]C11 中炮右横车对屏风马[/DhtmlXQ_open]
[DhtmlXQ_remark][/DhtmlXQ_remark]
[DhtmlXQ_author][/DhtmlXQ_author]
[DhtmlXQ_binit]0919293949596979891777062646668600102030405060708012720323436383[/DhtmlXQ_binit]
[DhtmlXQ_movelist]7747706226256364192780707967102289882042273512166987166609197278170700101910221007031031471731120313123106057076294723242524422405044344130324021713646547656274131666163516745359485365675578771637768688686584686086870373847673778777606676843725777948597975665631522513304113214030565741325563846357523031210275255253638402233141534341512344255539485554464584650414504114248384243451504383657783805051808454538464[/DhtmlXQ_movelist]
[DhtmlXQ_comment0]2014年广州市象棋甲组联赛竞赛规程||||   ||一、主办单位：广州市群众体育指导中心||二、承办单位：广州市象棋协会||三、协办单位：广州棋院||   四、比赛日期：2014年10月18日至19日（周六、日）两天。时间：18日上午9时（8时正至8时40分棋手报到）至12时30分，下午2时至5时30分，晚上7时至9时；19日上午9时至12时30分，下午2时至5时30分。||   五、比赛地点：广州棋院（越秀区横枝岗路289号）。||   六、比赛办法：||   1、执行《象棋竞赛规则》2011附录-群体比赛简明规定；||   2、采用电脑积分编排制比赛9轮； ||   3、每轮比赛迟到15分钟者作弃权处理,累计两轮弃权者作退出比赛处理；||   4、计时：采用基本用时加秒制，每方35分钟基本用时，每走一着加10秒；||   5、名次区分：积分多者名次列前，如积分相等则按以下顺序区分：对手分、累进分、胜局、犯规、上轮名次。凡录取名次均不并列。||  七、赛场纪律：赛场内禁止吸烟、不得使用通讯工具。||  八、报名办法：本次比赛敞开报名，不设户籍、年龄限制，凡身体健康者均可报名参赛。报名时间从9月19日起至10月13日止，报名地点：广州棋院竞赛培训咨询处、广州市象棋协会办公室，每人报名费50元。联系人：关志良，电话13609758083。||  九、录取名次及奖励办法：前十二名授予2014年度广州市象棋甲组棋手称号，第十三名至二十四名授予2014年度广州市象棋乙组棋手称号，颁发证书和奖金。（税前奖金：第一名5000元，第二名3000元，第三名2500元，第四名2000元，第五名1500元，第六名1000元，第七名至第九名各700元，第十名至第十二名各500元，第十三名至第二十四名各200元）||   十、参赛棋手交通、食宿费用自理。||十一、未尽事宜，由主办方另行通知。[/DhtmlXQ_comment0]
[DhtmlXQ_comment1]排名	编号	姓名	单位	总分	对手分	累进分	胜数	犯规	比轮次	胜率	出场	胜	平	负	称号	等级分	英雄榜	榜分	K值	变动	备注	编排	PK||1	41	朱少钧	广东	15	111	82	6	0	0	83.33	9	6	3	0		0	102	2499	10	16.9		编排	PK|英雄榜||2	127	黎德志	广东	15	102	82	6	0	0	83.33	9	6	3	0		2453	13	2599	10	2.7		编排	PK|英雄榜||3	108	张俊杰	广东	15	102	73	6	0	0	83.33	9	6	3	0		0	95	2504	10	6.2		编排	PK|英雄榜||4	7	李永勤	贵州	14	107	73	5	0	0	77.78	9	5	4	0		0	402	2384	15	46.2		编排	PK|英雄榜||5	111	程宇东	广东	14	107	70	5	0	0	77.78	9	5	4	0		0	1262	2320	15	35.4		编排	PK|英雄榜||6	123	蔡佑广	广东	14	107	69	6	0	0	77.78	9	6	2	1		0	40	2550	10	2.4		编排	PK|英雄榜||7	36	张学潮	广东	14	103	72	6	0	0	77.78	9	6	2	1	大师	2551	6	2618	10	-3.9		编排	PK|英雄榜||8	50	张骢润	广东	14	95	67	6	0	0	77.78	9	6	2	1		0	818	2337	15	15.9		编排	PK|英雄榜||9	63	黄光颖	广东	14	93	71	6	0	0	77.78	9	6	2	1		0	187	2447	15	23.4		编排	PK|英雄榜||10	124	张剑明	广东	13	113	69	6	0	0	72.22	9	6	1	2		0	132	2478	15	19.35		编排	PK|英雄榜||11	77	陈树雄	广东	13	105	76	6	0	0	72.22	9	6	1	2		0	198	2440	15	7.8		编排	PK|英雄榜||12	175	郑鸿标	广东	13	102	73	6	0	0	72.22	9	6	1	2		0	132	2478	10	-1.9		编排	PK|英雄榜||13	51	林　葵	广东	13	102	66	5	0	0	72.22	9	5	3	1		0	818	2337	20	37.6		编排	PK|英雄榜||14	171	王　剑	湖北	13	100	70	6	0	0	72.22	9	6	1	2		0	560	2358	15	3.15		编排	PK|英雄榜||15	131	张泽岭	广东	13	99	67	6	0	0	72.22	9	6	1	2		0	343	2393	15	8.85		编排	PK|英雄榜||16	81	向有权	湖南	13	97	66	4	0	0	72.22	9	4	5	0		0	154	2467	10	-2.9		编排	PK|英雄榜||17	83	郭文锋	广东	13	95	63	6	0	0	72.22	9	6	1	2		0	0	0	20	30.4		编排	PK|英雄榜||18	140	郭锦辉	广东	13	91	68	6	0	0	72.22	9	6	1	2		0	0	0	20	11.8		编排	PK|英雄榜||19	147	曹木林	广东	13	88	66	5	0	0	72.22	9	5	3	1		0	1797	2310	20	29.4		编排	PK|英雄榜||20	183	胡克华	广东	13	87	63	5	0	0	72.22	9	5	3	1		0	303	2404	15	3		编排	PK|英雄榜||21	101	林川博	广东	13	82	63	6	0	0	72.22	9	6	1	2		0	218	2429	15	-14.85		编排	PK|英雄榜||22	22	许国义	广东	12	103	73	5	0	0	66.67	9	5	2	2	大师	2512	8	2614	10	-17.4		编排	PK|英雄榜||23	169	田新生	甘肃	12	96	66	5	0	0	66.67	9	5	2	2		0	451	2375	15	21.45		编排	PK|英雄榜||24	125	许珍浩	广东	12	94	64	6	0	0	66.67	9	6	0	3		0	2064	2307	15	3.9		编排	PK|英雄榜||25	80	蔡　毅	高校	12	94	61	5	0	0	66.67	9	5	2	2		0	784	2339	20	10.8		编排	PK|英雄榜||26	56	李可东	广东	12	92	63	5	0	0	66.67	9	5	2	2		0	671	2348	15	4.2		编排	PK|英雄榜||27	113	彭　涛	湖北	12	91	61	4	0	0	66.67	9	4	4	1		0	225	2427	15	-1.35		编排	PK|英雄榜||28	122	陈红标	广东	12	88	62	5	0	0	66.67	9	5	2	2		0	263	2411	10	2.8		编排	PK|英雄榜||29	117	郭沅峰	广东	12	87	58	5	0	0	66.67	9	5	2	2		0	0	0	20	19		编排	PK|英雄榜||30	160	王文志	广东	12	86	54	6	0	0	66.67	9	6	0	3		0	767	2340	15	15.15		编排	PK|英雄榜||31	100	梅晓辉	广东	12	84	48	6	0	0	66.67	9	6	0	3		0	475	2371	15	2.7		编排	PK|英雄榜||32	23	张德成	广东	12	81	56	6	0	0	66.67	9	6	0	3		0	1390	2317	20	23		编排	PK|英雄榜||33	13	李小刚	广东	12	77	53	5	0	0	66.67	9	5	2	2		0	1058	2326	15	-5.55		编排	PK|英雄榜||34	2	苏健强	广东	12	76	49	4	0	0	66.67	9	4	4	1		0	0	0	20	26.6		编排	PK|英雄榜||35	55	雷喆欧	湖南	11	100	69	5	0	0	61.11	9	5	1	3		0	0	0	20	23		编排	PK|英雄榜||36	54	周正阳	广东	11	99	57	4	0	0	61.11	9	4	3	2		0	549	2359	15	-0.3		编排	PK|英雄榜||37	8	洪健成	广东	11	97	59	5	0	0	61.11	9	5	1	3		0	0	0	20	5.4		编排	PK|英雄榜||38	178	付　敏	江西	11	95	56	4	0	0	61.11	9	4	3	2		0	0	0	20	1.6		编排	PK|英雄榜||39	60	胡培全	广东	11	95	54	5	0	0	61.11	9	5	1	3		0	0	0	20	25.8		编排	PK|英雄榜||40	182	张江诚	湖南	11	90	61	5	0	0	61.11	9	5	1	3		0	2064	2307	20	-8.8		编排	PK|英雄榜||41	166	陈　衍	广东	11	90	56	4	0	0	61.11	9	4	3	2		0	1262	2320	20	14.8		编排	PK|英雄榜||42	141	雷伟新	广东	11	89	57	5	0	0	61.11	9	5	1	3		0	0	0	20	-6.4		编排	PK|英雄榜||43	170	黄长青	广东	11	89	49	5	0	0	61.11	9	5	1	3		0	395	2385	15	-16.95		编排	PK|英雄榜||44	28	张　露	广东	11	88	60	4	0	0	61.11	9	4	3	2		0	0	0	20	23.4		编排	PK|英雄榜||45	173	黄向晖	广东	11	86	58	5	0	0	61.11	9	5	1	3		0	307	2403	15	0		编排	PK|英雄榜||46	1	陈健缵	广东	11	86	54	4	0	0	61.11	9	4	3	2		0	0	0	20	1		编排	PK|英雄榜||47	185	陈洪杰	广东	11	86	51	5	0	0	61.11	9	5	1	3		0	0	0	20	15.4		编排	PK|英雄榜||48	152	周耀荣	广东	11	85	58	3	0	0	61.11	9	3	5	1		0	0	0	20	20.2		编排	PK|英雄榜||49	37	黄彭清	广东	11	85	53	5	0	0	61.11	9	5	1	3		0	1797	2310	15	8.1		编排	PK|英雄榜||50	96	王友元	湖南	11	85	48	4	0	0	61.11	9	4	3	2		0	1390	2317	15	-0.15		编排	PK|英雄榜||51	18	麻文星	湖南	11	81	55	5	0	0	61.11	9	5	1	3		0	230	2425	15	-19.2		编排	PK|英雄榜||52	93	蔡德元	广东	11	76	52	5	0	0	61.11	9	5	1	3		0	0	0	20	15		编排	PK|英雄榜||53	193	杨粤潇	广东	11	75	48	4	0	0	61.11	9	4	3	2		0	2136	2306	20	10.2		编排	PK|英雄榜||54	44	赖石飞	广东	11	72	54	4	0	0	61.11	9	4	3	2		0	1488	2315	20	-10.4		编排	PK|英雄榜||55	69	黄敬慈	广东	11	72	51	4	0	0	61.11	9	4	3	2		0	549	2359	15	5.25		编排	PK|英雄榜||56	110	彭志群	湖南	11	70	47	4	0	0	61.11	9	4	3	2		0	1262	2320	20	-0.8		编排	PK|英雄榜||57	30	李福文	广东	10	101	62	5	0	0	55.56	9	5	0	4		0	0	0	20	7.8		编排	PK|英雄榜||58	164	谭　攀	广东	10	95	57	4	0	0	55.56	9	4	2	3		0	2230	2305	15	-8.85		编排	PK|英雄榜||59	135	梁宏全	广东	10	93	60	4	0	0	55.56	9	4	2	3		0	1032	2327	20	10		编排	PK|英雄榜||60	190	梁运龙	广东	10	93	59	3	0	0	55.56	9	3	4	2		0	176	2453	15	-6.9		编排	PK|英雄榜||61	191	曾昭洪	广东	10	89	60	4	0	0	55.56	9	4	2	3		0	0	0	20	9.6		编排	PK|英雄榜||62	153	简卓鹏	广东	10	89	49	4	0	0	55.56	9	4	2	3		0	0	0	20	-5.4		编排	PK|英雄榜||63	16	叶　宗	广西	10	88	58	5	0	0	55.56	9	5	0	4		0	402	2384	15	12.3		编排	PK|英雄榜||64	52	李　禹	广东	10	88	51	4	0	0	55.56	9	4	2	3		0	222	2428	10	-12.8		编排	PK|英雄榜||65	162	张俊伟	广东	10	87	50	4	0	0	55.56	9	4	2	3		0	0	0	20	-6.6		编排	PK|英雄榜||66	95	李勇勇	广东	10	87	46	4	0	0	55.56	9	4	2	3		0	0	0	20	14.2		编排	PK|英雄榜||67	19	黄伟强	广东	10	86	57	4	0	0	55.56	9	4	2	3		0	1545	2314	15	-3.45		编排	PK|英雄榜||68	20	张贤辉	广东	10	86	49	4	0	0	55.56	9	4	2	3		0	2230	2305	20	6.2		编排	PK|英雄榜||69	94	方伟胜	广东	10	85	52	4	0	0	55.56	9	4	2	3		0	1304	2319	20	-4.4		编排	PK|英雄榜||70	172	陈纪清	广东	10	85	45	4	0	0	55.56	9	4	2	3		0	0	0	20	4.6		编排	PK|英雄榜||71	136	陈　锦	广东	10	84	52	5	0	0	55.56	9	5	0	4		0	1127	2324	15	-12.6		编排	PK|英雄榜||72	159	何炳胜	广东	10	81	45	4	0	0	55.56	9	4	2	3		0	0	0	20	4.4		编排	PK|英雄榜||73	158	杜满基	广东	10	80	54	5	0	0	55.56	9	5	0	4		0	1032	2327	20	-19.8		编排	PK|英雄榜||74	126	吴远清	广东	10	80	44	3	0	0	55.56	9	3	4	2		0	0	0	20	8		编排	PK|英雄榜||75	5	林　涛	广东	10	80	42	3	0	0	55.56	9	3	4	2		0	0	0	20	-1.6		编排	PK|英雄榜||76	35	王　钰	广东	10	80	39	4	0	0	55.56	9	4	2	3		0	0	0	20	14.8		编排	PK|英雄榜||77	105	谭东明	广东	10	78	52	5	0	0	55.56	9	5	0	4		0	0	0	20	21		编排	PK|英雄榜||78	138	刘小敏	江西	10	78	50	5	0	0	55.56	9	5	0	4		0	1596	2313	15	1.95		编排	PK|英雄榜||79	59	曹广行	广东	10	77	48	5	0	0	55.56	9	5	0	4		0	2552	2302	20	-14.6		编排	PK|英雄榜||80	181	邹华章	广东	10	77	40	4	0	0	55.56	9	4	2	3		0	0	0	20	-2.8		编排	PK|英雄榜||81	72	彭朗维	广东	10	76	52	3	0	0	55.56	9	3	4	2		0	0	0	20	4.6		编排	PK|英雄榜||82	10	骆　锋	广东	10	76	49	3	0	0	55.56	9	3	4	2		0	0	0	20	-0.4		编排	PK|英雄榜||83	165	谢国兴	广东	10	74	42	3	0	0	55.56	9	3	4	2		0	0	0	20	11.2		编排	PK|英雄榜||84	47	陈湛明	广东	10	73	46	5	0	0	55.56	9	5	0	4		0	0	0	20	-13.2		编排	PK|英雄榜||85	155	文　锐	广东	10	72	44	4	0	0	55.56	9	4	2	3		0	0	0	20	6.2		编排	PK|英雄榜||86	119	蔡礼贤	广东	10	65	35	4	0	0	55.56	9	4	2	3		0	0	0	20	-2.4		编排	PK|英雄榜||87	31	黄灿宇	广州	10	62	36	5	0	0	55.56	9	5	0	4		0	0	0	20	-3.2		编排	PK|英雄榜||88	134	冯耀广	广东	10	60	38	5	0	0	55.56	9	5	0	4		0	0	0	20	5		编排	PK|英雄榜||89	91	黄嘉亮	广东	9	96	57	3	0	0	50	9	3	3	3		0	2438	2303	15	0.3		编排	PK|英雄榜||90	46	罗健雄	广东	9	91	59	4	0	0	50	9	4	1	4		0	0	0	20	6.2		编排	PK|英雄榜||91	148	赵　正	广东	9	89	46	3	0	0	50	9	3	3	3		0	0	0	20	-7		编排	PK|英雄榜||92	118	彭章兵	湖北	9	89	45	4	0	0	50	9	4	1	4		0	1880	2309	15	12		编排	PK|英雄榜||93	109	叶生洪	广东	9	88	50	3	0	0	50	9	3	3	3		0	0	0	20	11.2		编排	PK|英雄榜||94	17	钱赞全	广东	9	88	48	3	0	0	50	9	3	3	3		0	2668	2301	20	-4.2		编排	PK|英雄榜||95	34	李得福	广东	9	86	50	4	0	0	50	9	4	1	4		0	0	0	20	-4.6		编排	PK|英雄榜||96	48	唐新定	广东	9	85	43	4	0	0	50	9	4	1	4		0	0	0	20	-5.4		编排	PK|英雄榜||97	129	梁智文	广东	9	81	53	3	0	0	50	9	3	3	3		0	1488	2315	20	-8		编排	PK|英雄榜||98	68	陈旭升	广东	9	81	51	3	0	0	50	9	3	3	3		0	0	0	20	-15.8		编排	PK|英雄榜||99	177	李均强	广东	9	81	44	4	0	0	50	9	4	1	4		0	0	0	20	3.4		编排	PK|英雄榜||100	58	区忠勇	广东	9	79	51	4	0	0	50	9	4	1	4		0	0	0	20	-3		编排	PK|英雄榜||101	150	谭景峰	广东	9	77	51	3	0	0	50	9	3	3	3		0	0	0	20	-13.2		编排	PK|英雄榜||102	188	周志刚	广东	9	76	43	4	0	0	50	9	4	1	4		0	0	0	20	-6.2		编排	PK|英雄榜||103	84	卢冠任	广东	9	74	38	4	0	0	50	9	4	1	4		0	0	0	20	7.2		编排	PK|英雄榜||104	26	黎振兴	广东	9	70	38	3	0	0	50	9	3	3	3		0	0	0	20	-6.6		编排	PK|英雄榜||105	92	易胜旗	广东	9	69	43	3	0	0	50	9	3	3	3		0	0	0	20	1.8		编排	PK|英雄榜||106	3	谢高发	广东	9	69	38	4	0	0	50	9	4	1	4		0	0	0	20	4.4		编排	PK|英雄榜||107	156	龚剑峰	广东	9	69	37	4	0	0	50	9	4	1	4		0	1096	2325	20	-8.8		编排	PK|英雄榜||108	114	吴辟峰	广东	9	63	31	3	0	0	50	9	3	3	3		0	0	0	20	-3.4		编排	PK|英雄榜||109	130	杨志明	广东	9	59	31	4	0	0	50	9	4	1	4		0	1152	2323	20	-39.8		编排	PK|英雄榜||110	107	李永久	广东	8	101	50	3	0	0	44.44	9	3	2	4		0	0	0	20	-4		编排	PK|英雄榜||111	21	安　娜	湖南	8	91	49	3	0	0	44.44	9	3	2	4	大师	2250	0	0	20	7.4		编排	PK|英雄榜||112	45	王　帆	湖北	8	87	52	4	0	0	44.44	9	4	0	5		0	188	2445	15	-20.7		编排	PK|英雄榜||113	79	何家钧	广东	8	87	47	3	0	0	44.44	9	3	2	4		0	0	0	20	-10.6		编排	PK|英雄榜||114	33	周一明	广东	8	86	48	4	0	0	44.44	9	4	0	5		0	1726	2311	20	17.4		编排	PK|英雄榜||115	6	熊正辉	江西	8	83	41	3	0	0	44.44	9	3	2	4		0	0	0	20	-16		编排	PK|英雄榜||116	184	伍永平	广东	8	82	38	2	0	0	44.44	9	2	4	3		0	0	0	20	-6.8		编排	PK|英雄榜||117	42	陆剑豪	广东	8	82	30	4	0	0	44.44	9	4	0	5		0	0	0	20	-4.2		编排	PK|英雄榜||118	145	孔令帮	广东	8	78	43	3	0	0	44.44	9	3	2	4		0	0	0	20	-16.2		编排	PK|英雄榜||119	133	梁雅让	广东	8	77	40	4	0	0	44.44	9	4	0	5		0	0	0	20	-15.8		编排	PK|英雄榜||120	53	左建兵	广东	8	77	31	3	0	0	44.44	9	3	2	4		0	2064	2307	20	-5		编排	PK|英雄榜||121	66	陈卫民	湖南	8	76	43	3	0	0	44.44	9	3	2	4		0	0	0	20	-21.2		编排	PK|英雄榜||122	154	杨鸿轲	广东	8	75	39	3	0	0	44.44	9	3	2	4		0	0	0	20	-15.4		编排	PK|英雄榜||123	115	蓝政鸿	广东	8	73	46	4	0	0	44.44	9	4	0	5		0	0	0	20	-20.4		编排	PK|英雄榜||124	62	王　业	广东	8	69	39	3	0	0	44.44	9	3	2	4		0	0	0	20	-8.6		编排	PK|英雄榜||125	146	梁智明	广东	8	69	38	3	0	0	44.44	9	3	2	4		0	2668	2301	20	-9.2		编排	PK|英雄榜||126	179	杨乐平	广东	8	69	32	4	0	0	44.44	9	4	0	5		0	0	0	20	-15		编排	PK|英雄榜||127	99	黄泽林	广东	8	67	38	4	0	0	44.44	9	4	0	5		0	0	0	20	-13.4		编排	PK|英雄榜||128	24	李　澜	广东	8	66	30	4	0	0	44.44	9	4	0	5		0	0	0	20	-16.6		编排	PK|英雄榜||129	98	黄希延	广州	8	65	38	3	0	0	44.44	9	3	2	4		0	0	0	20	-3		编排	PK|英雄榜||130	61	林郁科	广东	8	63	36	4	0	0	44.44	9	4	0	5		0	0	0	20	-9.8		编排	PK|英雄榜||131	163	钟至峣	广东	8	61	26	4	0	0	44.44	9	4	0	5		0	0	0	20	-19		编排	PK|英雄榜||132	15	高智辉	广东	8	59	28	4	0	0	44.44	9	4	0	5		0	0	0	20	-7.6		编排	PK|英雄榜||133	167	何含露	广州	8	55	28	4	0	0	44.44	9	4	0	5		0	0	0	20	-3		编排	PK|英雄榜||134	121	古达清	广东	7	93	41	3	0	0	38.89	9	3	1	5		0	0	0	20	-18.6		编排	PK|英雄榜||135	120	陈　辉	广东	7	88	51	3	0	0	38.89	9	3	1	5		0	617	2353	20	-28.4		编排	PK|英雄榜||136	65	郑卫军	广东	7	83	47	3	0	0	38.89	9	3	1	5		0	0	0	20	-22.6		编排	PK|英雄榜||137	180	刘春良	广东	7	83	46	2	0	1	38.89	9	2	3	4		0	0	0	20	-7.8		编排	PK|英雄榜||138	67	刘鑫海	广东	7	83	46	2	0	2	38.89	9	2	3	4		0	2064	2307	20	-24.6		编排	PK|英雄榜||139	9	廖　伟	广东	7	83	36	2	0	1	38.89	9	2	3	4		0	2438	2303	20	2.6		编排	PK|英雄榜||140	112	李文生	广东	7	83	36	2	0	2	38.89	9	2	3	4		0	0	0	20	-24.8		编排	PK|英雄榜||141	186	朱洪俭	广东	7	82	47	3	0	0	38.89	9	3	1	5		0	1545	2314	20	-28		编排	PK|英雄榜||142	176	谢军华	广东	7	82	31	3	0	0	38.89	9	3	1	5		0	2438	2303	20	-13.8		编排	PK|英雄榜||143	97	马振喜	广东	7	81	47	3	0	0	38.89	9	3	1	5		0	0	0	20	-12		编排	PK|英雄榜||144	144	闵斌桥	湖北	7	77	47	3	0	0	38.89	9	3	1	5		0	0	0	20	-14.4		编排	PK|英雄榜||145	194	林至康	广东	7	75	33	3	0	0	38.89	9	3	1	5		0	0	0	20	-12.8		编排	PK|英雄榜||146	132	陈羽琦	广州	7	74	26	2	0	0	38.89	9	2	3	4		0	0	0	20	-16.4		编排	PK|英雄榜||147	103	区智佳	广东	7	73	38	2	0	0	38.89	9	2	3	4		0	2136	2306	20	-16.2		编排	PK|英雄榜||148	75	李林一	广东	7	73	37	2	0	0	38.89	9	2	3	4		0	2552	2302	20	-9.6		编排	PK|英雄榜||149	40	魏宇涵	广东	7	69	43	3	0	0	38.89	9	3	1	5		0	0	0	20	-21.2		编排	PK|英雄榜||150	76	陈干明	广东	7	69	32	1	0	0	38.89	9	1	5	3		0	0	0	20	-4		编排	PK|英雄榜||151	73	秦　睿	广东	7	66	37	2	0	0	38.89	9	2	3	4		0	0	0	20	-6		编排	PK|英雄榜||152	12	徐德霖	广东	7	64	36	2	0	0	38.89	9	2	3	4		0	0	0	20	-19.6		编排	PK|英雄榜||153	27	罗建军	广东	7	64	31	3	0	0	38.89	9	3	1	5		0	0	0	20	-12.8		编排	PK|英雄榜||154	174	吴树良	广州	7	63	29	2	0	0	38.89	9	2	3	4		0	0	0	20	-16.4		编排	PK|英雄榜||155	38	岑小路	广东	7	62	28	3	0	0	38.89	9	3	1	5		0	1304	2319	15	-30.9		编排	PK|英雄榜||156	90	冯煜浩	广东	7	60	35	3	0	0	38.89	9	3	1	5		0	0	0	20	-13		编排	PK|英雄榜||157	104	冯智深	广东	6	90	41	2	0	0	33.33	9	2	2	5		0	0	0	20	-8		编排	PK|英雄榜||158	151	李旺华	广东	6	79	31	2	0	0	33.33	9	2	2	5		0	0	0	20	-6.4		编排	PK|英雄榜||159	11	陈锦煊	广东	6	77	39	2	0	0	33.33	9	2	2	5		0	0	0	20	-20.8		编排	PK|英雄榜||160	128	徐伟杨	广东	6	76	21	2	0	0	33.33	9	2	2	5		0	0	0	20	-16.6		编排	PK|英雄榜||161	4	周尚哲	广东	6	75	30	3	0	0	33.33	9	3	0	6		0	0	0	20	-28.8		编排	PK|英雄榜||162	82	孙宗刚	上海	6	73	26	3	0	0	33.33	9	3	0	6		0	0	0	20	-24		编排	PK|英雄榜||163	161	谢福才	广东	6	71	30	3	0	0	33.33	9	3	0	6		0	0	0	20	-16		编排	PK|英雄榜||164	32	李绍锋	广东	6	69	48	3	0	0	42.86	7	3	0	3		0	0	0	20	13.8		编排	PK|英雄榜||165	85	陈孟希	广东	6	69	30	3	0	0	33.33	9	3	0	6		0	0	0	20	-15.6		编排	PK|英雄榜||166	29	唐立新	广东	6	65	25	2	0	0	33.33	9	2	2	5		0	0	0	20	-16		编排	PK|英雄榜||167	78	周明希	广东	6	64	19	2	0	0	33.33	9	2	2	5		0	0	0	20	-15.6		编排	PK|英雄榜||168	25	朱晓云	广东	6	63	41	2	0	0	42.86	7	2	2	2		0	2438	2303	20	-9.6		编排	PK|英雄榜||169	49	陈　浩	广东	6	61	26	3	0	0	33.33	9	3	0	6		0	0	0	20	-22		编排	PK|英雄榜||170	71	罗意刚	广东	6	59	20	3	0	0	33.33	9	3	0	6		0	0	0	20	-12		编排	PK|英雄榜||171	192	阮广源	广东	5	81	36	2	0	0	27.78	9	2	1	6		0	0	0	20	-21.8		编排	PK|英雄榜||172	106	何知烨	广东	5	64	28	2	0	0	27.78	9	2	1	6		0	0	0	20	-12		编排	PK|英雄榜||173	187	杨玮淇	广东	5	54	18	2	0	0	27.78	9	2	1	6		0	0	0	20	-21.4		编排	PK|英雄榜||174	157	聂远翊	广东	5	49	20	2	0	0	27.78	9	2	1	6		0	0	0	20	-18.2		编排	PK|英雄榜||175	168	秦柱秋	广东	4	72	24	2	0	0	22.22	9	2	0	7		0	0	0	20	-27.2		编排	PK|英雄榜||176	142	陈　泉	广东	4	66	20	2	0	0	22.22	9	2	0	7		0	0	0	20	-26.6		编排	PK|英雄榜||177	116	林小蕃	广东	4	64	30	2	0	0	28.57	7	2	0	4		0	0	0	20	-25.4		编排	PK|英雄榜||178	74	曾钧跃	广东	4	60	30	2	0	0	28.57	7	2	0	5		0	0	0	20	-6.8		编排	PK|英雄榜||179	189	邹卫勋	广东	4	58	28	2	0	0	28.57	7	2	0	4		0	1007	2328	15	-4.95		编排	PK|英雄榜||180	89	李志辉	广东	4	54	22	2	0	0	22.22	9	2	0	7		0	0	0	20	-21.8		编排	PK|英雄榜||181	143	李卓然	广东	4	52	22	2	0	0	28.57	7	2	0	5		0	818	2337	20	-20.4		编排	PK|英雄榜||182	88	魏少锋	广东	4	51	30	2	0	0	28.57	7	2	0	5		0	0	0	20	-20		编排	PK|英雄榜||183	86	任　瑾	广东	4	46	14	2	0	0	22.22	9	2	0	7		0	0	0	20	-25		编排	PK|英雄榜||184	149	智多星	广东	3	64	16	0	0	0	16.67	9	0	3	6		0	0	0	20	-38.2		编排	PK|英雄榜||185	64	梁振鹏	广东	3	60	22	1	0	0	21.43	7	1	1	5		0	0	0	20	-18.6		编排	PK|英雄榜||186	102	陈家晖	广州	3	59	9	1	0	0	16.67	9	1	1	7		0	0	0	20	-27.8		编排	PK|英雄榜||187	14	余敬雄	广东	2	63	16	1	0	0	14.29	7	1	0	6		0	0	0	20	-21.2		编排	PK|英雄榜||188	70	郑国林	广东	2	54	18	1	0	0	16.67	6	1	0	5		0	0	0	20	-6.8		编排	PK|英雄榜||189	57	王国齐	广东	2	52	16	1	0	0	14.29	7	1	0	6		0	0	0	20	-15		编排	PK|英雄榜||190	139	周少华	广东	2	51	16	1	0	0	14.29	7	1	0	6		0	0	0	20	-14		编排	PK|英雄榜||191	43	陈嘉文	广东	2	49	14	1	0	0	16.67	6	1	0	5		0	0	0	20	-18.6		编排	PK|英雄榜||192	87	莫天上	广东	2	43	16	1	0	0	16.67	6	1	0	5		0	0	0	20	-12		编排	PK|英雄榜||193	137	黄琮智	广东	0	41	0	0	0	0	0	6	0	0	6		0	0	0	20	-37		编排	PK|英雄榜||194	39	单　旋	广东	0	24	0	0	0	0	0	4	0	0	4		0	0	0	20	-18.4		编排	PK|英雄榜[/DhtmlXQ_comment1]
[DhtmlXQ_type]实战全局/开局[/DhtmlXQ_type]
[DhtmlXQ_timerule]每方35分钟基本用时，每走一着加10秒[/DhtmlXQ_timerule]
[DhtmlXQ_endtype][/DhtmlXQ_endtype]
[DhtmlXQ_owner][/DhtmlXQ_owner]
[DhtmlXQ_firstnum]0[/DhtmlXQ_firstnum]
[DhtmlXQ_gametype][/DhtmlXQ_gametype]
[DhtmlXQ_generator]www.ccbridge.net[/DhtmlXQ_generator]
[DhtmlXQ_gamepreview]4aec6aff4694.png[/DhtmlXQ_gamepreview]
[/DhtmlXQ]


