[DhtmlXQ]
[DhtmlXQ_ver]www_vietcotuong_com[/DhtmlXQ_ver]
[DhtmlXQ_init]500,350[/DhtmlXQ_init]
[DhtmlXQ_title]豫东象棋俱乐部 姚洪新 胜 邢台一队 张锐峰[/DhtmlXQ_title]
[DhtmlXQ_event]2013年河南商丘首届“万锦实业杯”象棋公开赛[/DhtmlXQ_event]
[DhtmlXQ_date]2013-02-19 09:00-10:30[/DhtmlXQ_date]
[DhtmlXQ_place]商丘市老干部局活动中心[/DhtmlXQ_place]
[DhtmlXQ_round]第01轮[/DhtmlXQ_round]
[DhtmlXQ_table]第04台[/DhtmlXQ_table]
[DhtmlXQ_red]姚洪新[/DhtmlXQ_red]
[DhtmlXQ_redteam]豫东象棋俱乐部[/DhtmlXQ_redteam]
[DhtmlXQ_redrating][/DhtmlXQ_redrating]
[DhtmlXQ_blacktime][/DhtmlXQ_time]
[DhtmlXQ_black]张锐峰[/DhtmlXQ_black]
[DhtmlXQ_blackteam]邢台一队[/DhtmlXQ_blackteam]
[DhtmlXQ_blackrating][/DhtmlXQ_blackrating]
[DhtmlXQ_blacktime][/DhtmlXQ_time]
[DhtmlXQ_result]红胜[/DhtmlXQ_result]
[DhtmlXQ_open]C91 五八炮互进三兵对屏风马[/DhtmlXQ_open]
[DhtmlXQ_remark][/DhtmlXQ_remark]
[DhtmlXQ_author][/DhtmlXQ_author]
[DhtmlXQ_binit]0919293949596979891777062646668600102030405060708012720323436383[/DhtmlXQ_binit]
[DhtmlXQ_movelist]7747706279678070897910226665232417137276675500016564015155766364132322410908707508385156383212101927567679767576325260424743101252426243424312422947416023830304868560528384767343735273842473852625857724445041252477585948587744047756485764653948[/DhtmlXQ_movelist]
[DhtmlXQ_comment0]2013年河南商丘首届“万锦实业杯”象棋公开赛||一、 主办单位：河南省商丘市体育局||二、 承办单位：商丘市象棋协会||三、 协办单位：商丘市万锦实业有限公司||四、 比赛日期：2013年2月19日—21日。||五、 比赛地点：商丘市老干部局活动中心（商丘市神火大道与八一路交叉口东北角天宇大酒店斜对面）||六、 参赛资格：身体健康的象棋爱好者均可报名参赛。||七、 竞赛项目：象棋团体赛、个人赛||八、 竞赛办法||1、本次比赛采用中国象棋协会审定的2011象棋竞赛规则（试行）。||2、比赛采用电脑积分编排，根据参赛人数定轮次（拟定11轮）。||3、比赛采用40分钟包干制，每走一步加5秒，超时判负。||4、名次录取顺序：团体：三人积分的总和，如果相等，比较三人的最高名次。个人：积分、对手分、累进分、胜局。如果不能区分，则比较前一轮成绩，直至区分。||九、 录取名次：||1、团体（三人一队）录取前八名，颁发奖杯与证书。||2、个人录取前十六名给予现金奖励。第一名5000元；第二名3000元；第三名1000元；第四—六名各500 元；第七—十六名各200元。||十、报名与报到||（一）参赛人员请务必于2月18日18点前报名。报名方式：电话短信报名：运动员将姓名、籍贯、个人最好成绩发送至13937043705闫老师即可。网上报名发至电子邮箱：hnmqjwwqy@126.com||（二）本次比赛不收报名费，食宿、交通等其它费用自理。每人需交比赛押金100元，比赛结束、闭幕式后退还。国家象棋特级大师参赛每人补助500元，象棋大师每人补助200元。||（三）参赛棋手请于2月18日上午9时至18时在比赛地点报到。报道时须携带身份证与本人照片一张。||十一、各参赛选手须办理运动员伤病、意外事故保险，险费10元，费用自理（组委会协助办理）。||十二、未尽事宜，另行通知。||||　　　　　　　　　　　　　　2013河南商丘首届“万锦实业杯”象棋公开赛组委会||　　　　　　　　　　　　　　　　　　　　　　　2013年2月4日[/DhtmlXQ_comment0]
[DhtmlXQ_comment1]官方排名 第10轮排行 本轮对阵 个人第11轮后即时排行 胜率统计 第01轮排行 官方排名 ||1 8 姚洪新 豫东象棋俱乐部 18 156 107 8 2 0 11 8 2 1  ||2 87 赵子雨  17 152 96 7 3 0 11 7 3 1  ||3 54 孙勇宏  17 143 97 7 2 0 11 7 3 1  ||4 100 蔡佑广  16 158 110 7 2 0 11 7 2 2  ||5 38 段书航 虞城棋协一队 16 156 106 8 3 0 11 8 0 3  ||6 61 倪敏  16 153 107 7 2 0 11 7 2 2  ||7 94 黄丹青 商丘市棋协队 16 146 104 7 2 0 11 7 2 2  ||8 91 李洪金 邳州队 16 139 84 7 5 0 11 7 2 2  ||9 51 张彬  15 153 96 7 4 0 11 7 1 3  ||10 16 郭雨翔 睢阳区一队 15 145 94 6 1 0 11 6 3 2  ||11 81 徐国伟 商丘市棋协队 15 143 93 7 3 0 11 7 1 3  ||12 34 赵耀 民权县疾控中心队 15 128 83 6 2 0 11 6 3 2  ||13 47 何爱文 武汉队 14 156 99 6 2 0 11 6 2 3  ||14 10 马维维  14 152 97 6 3 0 11 6 2 3  ||15 44 董学武 邳州队 14 151 93 6 3 0 11 6 2 3  ||16 17 李明军 邢台一队 14 145 92 6 2 0 11 6 2 3  ||17 65 张军  14 143 90 6 1 0 11 6 2 3  ||18 26 李团结  14 142 95 6 3 0 11 6 2 3  ||19 63 李铭  14 141 80 7 2 0 11 7 0 4  ||20 42 田长兴  14 139 86 6 4 0 11 6 2 3  ||21 64 范宏亮 睢阳区一队 14 132 77 6 2 0 11 6 2 3  ||22 71 王丽平 武汉队 14 129 81 6 4 0 11 6 2 3  ||23 77 王兴业  13 149 82 6 4 0 11 6 1 4  ||24 19 武优 豫东象棋俱乐部 13 140 90 6 2 0 11 6 1 4  ||25 31 王亚辉  13 132 79 5 4 0 11 5 3 3  ||26 82 陈绍青 睢阳区二队 13 125 75 5 1 0 11 5 3 3  ||27 59 李新宝 梁园区队 13 124 71 6 2 0 11 6 1 4  ||28 3 陈换刚 邢台一队 13 118 70 6 4 0 11 6 1 4  ||29 12 李建阳 连云港队 13 115 64 6 3 0 11 6 1 4  ||30 6 翟进魁 商丘市棋协队 13 111 66 6 2 0 11 6 1 4  ||31 40 李成蹊  12 153 91 5 2 0 11 5 2 4  ||32 96 王德利  12 143 87 5 2 0 11 5 2 4  ||33 49 赵红 豫东象棋俱乐部 12 143 79 5 2 0 11 5 2 4  ||34 72 于传宝 民权县疾控中心队 12 136 72 5 2 0 11 5 2 4  ||35 85 王全喜 梁园区队 12 135 82 4 2 0 11 4 4 3  ||36 21 李海  12 133 78 5 3 0 11 5 2 4  ||37 14 丁文庆 弈缘棋社 12 132 74 4 3 0 11 4 4 3  ||38 33 张立生 连云港队 12 130 74 5 1 0 11 5 2 4  ||39 7 张锐峰 邢台一队 12 130 66 5 3 0 11 5 2 4  ||40 76 沙百强 睢阳区一队 12 129 80 6 2 0 11 6 0 5  ||41 99 张建国  12 126 67 4 3 0 11 4 4 3  ||42 73 臧启玉 弈缘棋社 12 124 78 5 2 0 11 5 2 4  ||43 92 裴广训 虞城棋协一队 12 120 71 5 3 0 11 5 2 4  ||44 24 李强 睢阳区二队 12 119 74 5 3 0 11 5 2 4  ||45 48 高鹏 夏邑队 12 117 68 6 3 0 11 6 0 5  ||46 93 张玉东 夏邑队 12 117 58 5 3 0 11 5 2 4  ||47 78 王长勇 梁园区队 12 106 60 6 2 0 11 6 0 5  ||48 5 何元斌  11 138 71 5 2 0 11 5 1 5  ||49 52 申学华 邢台二队 11 128 66 4 1 0 11 4 3 4  ||50 4 庞志勇 民权棋协二队 11 124 70 5 2 0 11 5 1 5  ||51 13 朱明辉 弈缘棋社 11 123 71 4 2 0 11 4 3 4  ||52 79 朱卓琳  11 123 60 4 1 0 11 4 3 4  ||53 45 余游 武汉队 11 122 65 4 1 0 11 4 3 4  ||54 80 周醒  11 121 65 4 2 0 11 4 3 4  ||55 39 崔新建 虞城棋协一队 11 117 68 5 2 0 11 5 1 5  ||56 90 蒋春峰  10 128 72 4 1 0 11 4 2 5  ||57 37 杨旭东 民权县疾控中心队 10 126 64 3 3 0 11 3 4 4  ||58 23 李福展  10 123 62 4 1 0 11 4 2 5  ||59 88 李新灵  10 122 62 5 4 0 11 5 0 6  ||60 35 孙亮  10 120 72 4 4 0 11 4 2 5  ||61 43 高要霞 睢阳区二队 10 118 62 3 1 0 11 3 4 4  ||62 89 韩会来  10 113 59 3 1 0 11 3 4 4  ||63 11 彭衍生 夏邑队 10 113 58 4 0 0 11 4 2 5  ||64 66 孙松涛  10 110 48 3 1 0 11 3 4 4  ||65 30 范银  10 109 59 4 3 0 11 4 2 5  ||66 2 王振立 虞城棋协二队 10 104 50 5 1 0 11 5 0 6  ||67 62 陈钦其 民权棋协一队 10 97 49 4 1 0 11 4 2 5  ||68 18 于银洲 虞城棋协二队 10 96 49 3 1 0 11 3 4 4  ||69 55 付广林 民权棋协二队 9 121 62 3 2 0 11 3 3 5  ||70 60 马中庆  9 120 58 3 2 0 11 3 3 5  ||71 27 郭允明  9 116 54 4 2 0 11 4 1 6  ||72 53 朱长志 连云港队 9 115 53 4 2 0 11 4 1 6  ||73 28 穆峰  9 114 61 3 1 0 11 3 3 5  ||74 75 吉占珂 邢台二队 9 114 60 3 1 0 11 3 3 5  ||75 15 范斌  9 110 45 3 2 0 11 3 3 5  ||76 1 刘祖民 民权棋协一队 9 109 58 2 0 0 11 2 5 4  ||77 70 赵峰  9 105 51 4 2 0 11 4 1 6  ||78 46 李叶军 邢台二队 9 104 46 4 3 0 11 4 1 6  ||79 98 柳林 民权棋协二队 9 101 55 2 1 0 11 2 5 4  ||80 20 任大磊  9 98 42 4 2 0 11 4 1 6  ||81 56 丁广元 邳州队 9 95 49 3 2 0 11 3 3 5  ||82 68 余新友  9 81 40 3 2 0 11 3 3 5  ||83 22 李军  8 114 55 2 1 0 11 2 4 5  ||84 58 戴文敏  8 108 51 3 1 0 11 3 2 6  ||85 86 李建忠  8 103 54 4 3 0 11 4 0 7  ||86 50 武涛  8 98 41 3 2 0 11 3 2 6  ||87 83 陈卫明 民权棋协一队 8 97 47 3 2 0 11 3 2 6  ||88 25 陈永敢  8 93 38 4 2 0 11 4 0 7  ||89 29 张敬华  8 81 30 4 2 0 11 4 0 7  ||90 36 曹魏 虞城棋协二队 7 105 46 3 3 1 11 3 1 7  ||91 32 孟文顺  7 91 35 2 1 1 11 2 3 6  ||92 84 杨海滨  7 85 40 3 1 0 11 3 1 7  ||93 97 马有才  6 118 47 2 1 0 11 2 2 7  ||94 41 栗子建  6 89 32 3 1 0 11 3 0 8  ||95 95 底致远  6 83 30 3 1 0 11 3 0 8  ||96 67 崔玉宾  5 80 29 2 0 0 11 2 1 7  ||97 69 赵超伟  4 81 12 2 0 0 11 2 0 9  ||98 57 赵鲁泰  4 77 16 2 2 0 11 2 0 9  ||99 74 张永信  2 87 18 1 1 0 11 1 0 8  ||100 9 孙飚  2 79 8 1 0 0 11 1 0 9[/DhtmlXQ_comment1]
[DhtmlXQ_type]实战全局/开局[/DhtmlXQ_type]
[DhtmlXQ_timerule][/DhtmlXQ_timerule]
[DhtmlXQ_endtype][/DhtmlXQ_endtype]
[DhtmlXQ_owner][/DhtmlXQ_owner]
[DhtmlXQ_firstnum]0[/DhtmlXQ_firstnum]
[DhtmlXQ_gametype]慢棋[/DhtmlXQ_gametype]
[DhtmlXQ_generator]www.ccbridge.net[/DhtmlXQ_generator]
[DhtmlXQ_gamepreview]963ccfc4bd9c.png[/DhtmlXQ_gamepreview]
[/DhtmlXQ]


