[DhtmlXQ]
[DhtmlXQ_ver]www_vietcotuong_com[/DhtmlXQ_ver]
[DhtmlXQ_init]500,350[/DhtmlXQ_init]
[DhtmlXQ_title]第03轮 第02台 江苏 吉建军 先胜 秦育坚 上海[/DhtmlXQ_title]
[DhtmlXQ_event]2016年第三届“上海川沙杯”象棋业余棋王公开赛[/DhtmlXQ_event]
[DhtmlXQ_date]2016年07月09日[/DhtmlXQ_date]
[DhtmlXQ_place]上海市浦东新区[/DhtmlXQ_place]
[DhtmlXQ_round][/DhtmlXQ_round]
[DhtmlXQ_table][/DhtmlXQ_table]
[DhtmlXQ_red]吉建军[/DhtmlXQ_red]
[DhtmlXQ_redteam][/DhtmlXQ_redteam]
[DhtmlXQ_redrating][/DhtmlXQ_redrating]
[DhtmlXQ_blacktime][/DhtmlXQ_time]
[DhtmlXQ_black]秦育坚[/DhtmlXQ_black]
[DhtmlXQ_blackteam][/DhtmlXQ_blackteam]
[DhtmlXQ_blackrating][/DhtmlXQ_blackrating]
[DhtmlXQ_blacktime][/DhtmlXQ_time]
[DhtmlXQ_result]红胜[/DhtmlXQ_result]
[DhtmlXQ_open]C32 中炮过河车互进七兵对屏风马飞象[/DhtmlXQ_open]
[DhtmlXQ_remark][/DhtmlXQ_remark]
[DhtmlXQ_author][/DhtmlXQ_author]
[DhtmlXQ_binit]0919293949596979891777062646668600102030405060708012720323436383[/DhtmlXQ_binit]
[DhtmlXQ_movelist]7747706279678070897963642625102279732042192730411707121646456254091916264544434427464445474564657353546645446645074745644665726253636445674662654745657545656082465470721916262865452230637372525475[/DhtmlXQ_movelist]
[DhtmlXQ_comment0] 2016上海川沙杯象棋公开赛 棋手排名 ||排名 编号 姓名 单位 总分 对手分 胜数 犯规 后手数 胜率 出场 胜 平 负 称号 等级分 ||1 96 童本平 江苏 18 133 9 0 6 81.82 11 9 0 2  0   ||2 66 姚洪新 河南 17 151 7 0 6 77.27 11 7 3 1  2473   ||3 70 刘宗泽 湖北 16 163 6 0 6 72.73 11 6 4 1  0   ||4 84 张泽海 辽宁 16 162 6 0 5 72.73 11 6 4 1  0   ||5 94 苗永鹏 辽宁 16 146 6 0 5 72.73 11 6 4 1 特大 2416   ||6 112 蔡佑广 广东 16 143 5 0 5 72.73 11 5 6 0  0   ||7 23 孙昕昊 浙江 16 130 7 0 5 72.73 11 7 2 2  0   ||8 76 王少生 上海 15 153 6 0 5 68.18 11 6 3 2  0   ||9 81 曹逢春 上海 15 146 6 0 5 68.18 11 6 3 2  0   ||10 4 陈汉华 湖北 15 144 5 0 5 68.18 11 5 5 1  0   ||11 33 韩　勇 上海 14 154 5 0 5 63.64 11 5 4 2  0   ||12 28 夏天舒 浙江 14 151 5 0 6 63.64 11 5 4 2  0   ||13 53 马维维 安徽 14 150 5 0 6 63.64 11 5 4 2  0   ||14 26 王　昊 北京 14 147 6 0 6 63.64 11 6 2 3  2407   ||15 58 黎德志 广东 14 144 6 0 6 63.64 11 6 2 3  2446   ||16 86 张　俊 安徽 14 140 6 0 5 63.64 11 6 2 3  0   ||17 12 边小强 陕西 14 138 7 0 5 63.64 11 7 0 4  0   ||18 89 王鑫海 上海 14 138 6 0 5 63.64 11 6 2 3  0   ||19 43 黄学谦 香港 14 136 4 0 5 63.64 11 4 6 1  0   ||20 3 杨建平 湖北 14 134 6 0 6 63.64 11 6 2 3  0   ||21 108 言缵昭 江苏 14 134 6 0 5 63.64 11 6 2 3  0   ||22 7 梁　根 上海 14 134 4 0 6 63.64 11 4 6 1  0   ||23 69 胡　迪 上海 14 134 4 0 5 63.64 11 4 6 1  0   ||24 79 田长兴 北京 14 132 5 0 5 63.64 11 5 4 2  0   ||25 14 朱　亮 江西 14 130 6 0 6 63.64 11 6 2 3  0   ||26 73 张培俊 浙江 14 130 4 0 5 63.64 11 4 6 1  0   ||27 106 刘奕达 上海 14 124 5 0 6 63.64 11 5 4 2 大师 2442   ||28 30 李崇?? 上海 13 146 4 0 5 59.09 11 4 5 2  0   ||29 9 高明海 上海 13 143 5 0 5 59.09 11 5 3 3  0   ||30 118 张成楚 浙江 13 142 4 0 6 59.09 11 4 5 2  0   ||31 36 张申宏 湖南 13 139 6 0 5 59.09 11 6 1 4 大师 2464   ||32 114 顾智恺 浙江 13 138 5 0 6 59.09 11 5 3 3  0   ||33 48 王建鸣 安徽 13 129 6 0 5 59.09 11 6 1 4  0   ||34 21 吉建军 江苏 13 129 5 0 5 59.09 11 5 3 3  0   ||35 115 陈树雄 广东 13 128 5 0 5 59.09 11 5 3 3  0   ||36 63 曾　理 湖北 13 121 6 0 6 59.09 11 6 1 4  0   ||37 87 施鑫石 上海 13 118 6 0 5 59.09 11 6 1 4  0   ||38 109 恽伟光 上海 13 113 5 0 5 59.09 11 5 3 3  0   ||39 2 任定邦 上海 12 137 5 0 6 54.55 11 5 2 4  0   ||40 64 戴其芳 上海 12 136 4 0 5 54.55 11 4 4 3  0   ||41 55 王建中 江苏 12 135 4 0 6 54.55 11 4 4 3  0   ||41 82 叶锦山 浙江 12 135 4 0 6 54.55 11 4 4 3  0   ||43 27 张志刚 安徽 12 134 4 0 6 54.55 11 4 4 3  0   ||44 54 谢尚有 浙江 12 133 4 0 6 54.55 11 4 4 3  0   ||45 61 马四宝 上海 12 128 4 0 5 54.55 11 4 4 3  0   ||46 60 华辰昊 上海 12 127 3 0 5 54.55 11 3 6 2  0   ||47 34 高　下 湖北 12 126 5 0 6 54.55 11 5 2 4  0   ||48 37 蒋融冰 上海 12 126 3 0 5 54.55 11 3 6 2  0   ||49 71 徐向海 江苏 12 125 5 0 6 54.55 11 5 2 4  0   ||50 29 许巨生 浙江 12 123 4 0 5 54.55 11 4 4 3  0   ||51 1 黄朝申 山东 12 122 4 0 5 54.55 11 4 4 3  0   ||52 38 张志明 安徽 12 122 3 0 6 54.55 11 3 6 2  0   ||53 119 陶　恒 上海 12 120 3 0 5 54.55 11 3 6 2  0   ||54 41 卫妙森 上海 12 116 6 0 5 54.55 11 6 0 5  0   ||55 113 周程锦 上海 12 116 4 0 6 54.55 11 4 4 3  0   ||56 68 徐家明 上海 12 115 5 0 6 54.55 11 5 2 4  0  编排  ||57 65 朱东和 上海 11 142 3 0 6 50 11 3 5 3  0   ||58 120 郭胜文 台湾 11 131 4 0 6 50 11 4 3 4  0   ||59 11 余　峰 江苏 11 128 4 0 6 50 11 4 3 4  0   ||60 104 倪半雷 浙江 11 126 4 0 5 50 11 4 3 4  0   ||61 51 张　伟 天津 11 125 5 0 6 50 11 5 1 5  0   ||62 72 尹志勇 江苏 11 125 4 0 6 50 11 4 3 4  0   ||63 99 严碧勇 湖北 11 124 3 0 5 50 11 3 5 3  0   ||64 15 秦育坚 上海 11 121 4 0 6 50 11 4 3 4  0   ||65 62 贾应山 上海 11 121 3 0 6 50 11 3 5 3  0   ||66 91 尤云飞 江苏 11 120 3 0 5 50 11 3 5 3  0   ||67 49 张军强 北京 11 118 4 0 5 50 11 4 3 4  0   ||68 25 石教材 湖北 11 116 5 0 5 50 11 5 1 5  0   ||69 102 梁华龙 上海 11 115 4 0 6 50 11 4 3 4  0   ||70 74 薛　强 上海 11 114 4 0 5 50 11 4 3 4  0   ||71 100 马海钟 浙江 11 110 3 0 5 50 11 3 5 3  0   ||72 39 刘安生 台湾 11 107 4 0 6 50 11 4 3 4  0   ||73 16 虞和雄 上海 11 104 5 0 5 50 11 5 1 5  0   ||74 85 屠国梁 上海 10 132 3 0 6 45.45 11 3 4 4  0   ||75 42 王刚扣 上海 10 128 3 0 6 45.45 11 3 4 4  0   ||76 52 叶　辉 江西 10 119 5 0 5 45.45 11 5 0 6  0   ||77 78 吴毅峰 上海 10 118 3 0 5 45.45 11 3 4 4  0   ||78 80 陈　防 上海 10 116 3 0 5 45.45 11 3 4 4  0   ||79 92 郭伦久 湖北 10 115 4 0 6 45.45 11 4 2 5  0   ||80 18 杨哲峰 湖北 10 113 5 0 6 45.45 11 5 0 6  0   ||81 83 陈　琦 上海 10 113 4 0 6 45.45 11 4 2 5  0   ||82 117 杨钱锦 江苏 10 113 3 0 6 45.45 11 3 4 4  0   ||83 50 郜德平 上海 10 110 4 0 6 45.45 11 4 2 5  0   ||84 45 郎祺琪 四川 10 110 4 0 5 45.45 11 4 2 5  2101   ||85 56 顾华平 上海 10 110 3 0 5 45.45 11 3 4 4  0   ||86 123 周超群 上海 10 104 3 0 6 45.45 11 3 4 4  0   ||87 116 刘震阳 江苏 10 103 3 0 5 45.45 11 3 4 4  0   ||88 35 朱秉奎 湖北 9 126 3 0 6 40.91 11 3 3 5  0   ||89 59 盛石华 上海 9 124 3 0 6 40.91 11 3 3 5  0   ||90 105 陈培荣 上海 9 118 4 0 6 40.91 11 4 1 6  0   ||91 90 王一鹏 上海 9 113 3 0 5 45 10 3 3 4  0   ||92 22 庄　铭 上海 9 111 3 0 6 40.91 11 3 3 5  0   ||93 32 何海东 江苏 9 110 4 0 5 40.91 11 4 1 6  0   ||94 17 赵嘉炜 浙江 9 109 4 0 5 40.91 11 4 1 6  0   ||95 93 王金城 上海 9 109 3 0 5 40.91 11 3 3 5  0  编排  ||96 98 张宝泉 安徽 9 108 3 0 6 40.91 11 3 3 5  0   ||97 107 方　毅 意大利 9 100 4 0 6 40.91 11 4 1 6  0   ||98 31 许明龙 台湾 9 98 4 0 6 40.91 11 4 1 6  0   ||99 97 陈永林 上海 9 96 3 0 6 40.91 11 3 3 5  0   ||100 122 叶志刚 上海 9 89 4 0 5 40.91 11 4 1 6  0   ||101 20 方定良 意大利 9 88 4 0 6 40.91 11 4 1 6  0   ||102 19 薛洪林 意大利 8 126 4 0 6 36.36 11 4 0 7  0   ||103 67 陈志华 江苏 8 119 1 0 6 36.36 11 1 6 4  0   ||104 101 黄银松 江苏 8 115 3 0 5 36.36 11 3 2 6  0   ||105 6 徐静和 上海 8 107 4 0 6 36.36 11 4 0 7  0   ||106 57 杨成义 安徽 8 99 4 0 5 36.36 11 4 0 7  0   ||107 40 吴士良 上海 8 95 2 0 5 36.36 11 2 4 5  0   ||108 10 翟长康 江苏 8 94 4 0 6 36.36 11 4 0 7  0   ||109 121 张华安 上海 7 108 3 0 5 31.82 11 3 1 7  0  编排  ||110 88 杨长喜 上海 7 107 3 0 5 31.82 11 3 1 7  0   ||111 13 朱荣瑞 上海 7 105 2 0 5 35 10 2 3 5  0   ||112 5 彭书斌 湖北 7 104 2 0 5 31.82 11 2 3 6  0  编排  ||113 103 陈世雨 安徽 7 103 2 0 6 31.82 11 2 3 6  0  编排  ||114 77 吴玉傲 安徽 7 102 3 0 5 31.82 11 3 1 7  0   ||115 75 徐鹏飞 浙江 7 100 2 0 6 31.82 11 2 3 6  0   ||116 8 刘伟伟 安徽 7 94 2 0 5 31.82 11 2 3 6  0   ||117 111 张　刚 湖北 7 79 3 0 5 31.82 11 3 1 7  0  编排  ||118 47 曾百齐 上海 6 92 2 0 6 27.27 11 2 2 7  0   ||119 44 郁寿根 江苏 6 84 2 0 6 27.27 11 2 2 7  0  编排  ||120 46 王衍海 安徽 6 82 3 0 6 27.27 11 3 0 8  0   ||121 110 孙士友 辽宁 5 103 2 0 5 25 10 2 1 7  0   ||122 124 袁　兵 上海 5 83 2 0 5 22.73 11 2 1 8  0  编排  ||123 95 何康慧 马来西亚 3 92 1 0 6 13.64 11 1 1 9  0   ||124 24 帕斯卡 德国 2 75 1 0 5 9.09 11 1 0 10  0[/DhtmlXQ_comment0]
[DhtmlXQ_comment1] 第三届“上海·川沙杯”象棋国际公开赛|||| ||||                                      竞赛规程|||| ||||一、主办单位：  上海市浦东新区体育局||||                       上海市浦东新区川沙新镇人民政府||||二、承办单位： 上海市浦东新区川沙新镇文广服务中心||||                       上海精福体育健身服务中心||||三、协办单位： 上海市浦东新区老体协||||                       上海市浦东新区川沙新镇老年协会||||                       上海市老体协棋类委员会||||四、竞赛时间： 2016年7月9--11日||||五、竞赛地点： 上海市浦东新区川沙新镇新川路300号||||                       （川沙新镇文化活动中心B楼四楼）||||六、竞赛项目： 象棋个人赛||||七、参赛资格及报名费：  ||||1、退役特大、大师、一级运动员、棋协大师、地市级冠军、省级比赛前六名；女子大师、全国少年赛（16岁组）前三名；上海棋手获本次比赛选拔赛（去年举办）前二十八名者优先报名。报名时需附个人最好成绩；各省市专业队员谢绝参赛。||||2、报名人数限120名。||||3、报名费每人100元（另须交押金100元，参加全程赛后退还），主办方为参赛人员免费提供两天的午餐；报名缴费于7月5日截止，报名以缴费为准，逾期报名无效。参赛棋手推荐住宿地点：汉庭酒店（川沙新镇新川路341号），外地棋手7月8日13：00—20：00至汉庭酒店大堂办理报到手续，20:00前如未能报到请务必主动电话衔接，否则作弃权处理。境外棋手比赛期间食宿费由组委会负担。||||4、报名联系人：贾应山（13621645423），请将报名费及押金共200元打至工行账号：6222021001067512134，工行川沙支行，贾应山，再电话或短信确认。||||八、竞赛办法：||||1、执行中国《2011象棋竞赛规则》。||||2、采用积分编排制，共赛十一轮。9日四轮，10日五轮，11日上午两轮。||||3、每局每方用时35分钟，每走一步加5秒。||||4、自然限着为40回合，简明和棋局势不再限着，直接判和。||||九、获取名次与奖励办法： ||||录取前二十八名予以奖励。（4~28名颁发奖牌和奖金）||||  冠军：奖杯、奖金16000元 亚军：奖杯、奖金8000元 ||季军：奖杯、奖金5000元 第4名：奖金3000元 ||第5名：2000元 第6名：1500元 ||第7名：1200元 第8名：1000元 ||第9~10名：800元 第11~15名：600元 ||第16~20名：400元 第21~28名：300元 ||||||十、录谱要求：||||      本次赛事将进行现场视频直播和棋谱录播，为配合宣传，每轮比赛前15台棋手赛后必须主动去录全谱；其它台次有精彩对局得到邀请的也必须予以配合。胜方录谱，和棋后手方录谱，拒不录谱或敷衍搪塞者判记犯规一次。||||十一、严禁使用棋软作弊。组委会有权利根据具体情况对棋手进行抽检。||||十二、参赛要求：参赛人员须身体健康，在比赛期间和往返途中人身安全由个人负责，如发生意外，比赛组织方不予承担任何责任。||||十三、棋手报名即视同认可规程所有条款，本规程解释权属本次大赛组委会。[/DhtmlXQ_comment1]
[DhtmlXQ_type]实战全局/开局[/DhtmlXQ_type]
[DhtmlXQ_timerule]35+5[/DhtmlXQ_timerule]
[DhtmlXQ_endtype][/DhtmlXQ_endtype]
[DhtmlXQ_owner][/DhtmlXQ_owner]
[DhtmlXQ_firstnum]0[/DhtmlXQ_firstnum]
[DhtmlXQ_gametype][/DhtmlXQ_gametype]
[DhtmlXQ_generator]www.ccbridge.net[/DhtmlXQ_generator]
[DhtmlXQ_gamepreview]8f67c30d78bc.png[/DhtmlXQ_gamepreview]
[/DhtmlXQ]


