[DhtmlXQ]
[DhtmlXQ_ver]www_vietcotuong_com[/DhtmlXQ_ver]
[DhtmlXQ_init]500,350[/DhtmlXQ_init]
[DhtmlXQ_title]南京 言缵昭 负 镇江 吴欣洋[/DhtmlXQ_title]
[DhtmlXQ_event]2013年江苏扬中市通达杯象棋公开赛[/DhtmlXQ_event]
[DhtmlXQ_date]2013-02-23[/DhtmlXQ_date]
[DhtmlXQ_place]扬中市通达商厦[/DhtmlXQ_place]
[DhtmlXQ_round]第04轮[/DhtmlXQ_round]
[DhtmlXQ_table]第04台[/DhtmlXQ_table]
[DhtmlXQ_red]言缵昭[/DhtmlXQ_red]
[DhtmlXQ_redteam]南京[/DhtmlXQ_redteam]
[DhtmlXQ_redrating][/DhtmlXQ_redrating]
[DhtmlXQ_blacktime][/DhtmlXQ_time]
[DhtmlXQ_black]吴欣洋[/DhtmlXQ_black]
[DhtmlXQ_blackteam]镇江[/DhtmlXQ_blackteam]
[DhtmlXQ_blackrating][/DhtmlXQ_blackrating]
[DhtmlXQ_blacktime][/DhtmlXQ_time]
[DhtmlXQ_result]黑胜[/DhtmlXQ_result]
[DhtmlXQ_open]A15 飞相进三兵对进右马[/DhtmlXQ_open]
[DhtmlXQ_remark][/DhtmlXQ_remark]
[DhtmlXQ_author][/DhtmlXQ_author]
[DhtmlXQ_binit]0919293949596979891777062646668600102030405060708012720323436383[/DhtmlXQ_binit]
[DhtmlXQ_movelist]69471022666523247967223459487242192770626775344627464246895960425956464417075041091912221913636465644264070364420343000656460626132326464346223275634443776780506342505642614050464456512320323644463686202486896757516124545040546461714959717959587976464576466465898458598454594954444525462649594454594926295767625067775474495929266566262866634342777541527545304163034030030030310004747204344232253528233537235359493130343250313234534345353040343143473133474533737262737041507072626472746444745450413536454649594443374743473637477754577771[/DhtmlXQ_movelist]
[DhtmlXQ_comment0]2013年江苏扬中市通达杯象棋公开赛第09轮后即时排行[仅供参考]排名 编号 姓名 团体 积分 对手分 胜局 出场 胜 和 负 备注 ||第08轮排行 本轮对阵 个人第09轮后即时排行 胜率统计 第01轮排行 ||1 51 吴欣洋 镇江 15 110 6 9 6 3 0 110 ||2 16 陈汉华 湖北武汉 14 105 6 9 6 2 1 105 ||3 70 吴文虎 镇江 14 100 7 9 7 0 2 100 ||4 24 马四宝 上海 14 98 6 9 6 2 1 98 ||5 38 童本平 南京 13 96 6 9 6 1 2 96 ||6 54 言缵昭 南京 13 95 6 9 6 1 2 95 ||7 28 陈佳佳 淮安 13 95 5 9 5 3 1 95 ||8 30 王靖 安徽芜湖 13 93 5 9 5 3 1 93 ||9 8 章磊 南京 13 91 6 9 6 1 2 91 ||10 61 冷易纹 扬中 12 106 5 9 5 2 2 106 ||11 43 张志刚 安徽马鞍山 12 89 5 9 5 2 2 89 ||12 58 汪鑫 镇江 12 86 6 9 6 0 3 86 ||13 9 杨正保 安徽马鞍山 12 77 5 9 5 2 2 77 ||14 26 孙思阳 辽宁 11 111 4 9 4 3 2 111 ||15 12 程苏扬 扬中 11 100 5 9 5 1 3 100 ||16 3 范越 镇江 11 98 5 9 5 1 3 98 ||17 10 李晓庚 扬中 11 91 5 9 5 1 3 91 ||18 11 黄子羽 泰州 11 88 5 9 5 1 3 88 ||19 48 尹志勇 南京 11 87 4 9 4 3 2 87 ||20 17 方子奕 镇江 11 86 5 9 5 1 3 86 ||21 46 刘宝兴 安徽马鞍山 11 82 5 9 5 1 3 82 ||22 29 蒯光兴 扬中 10 106 5 9 5 0 4 106 ||23 57 崔厚峰 安徽芜湖 10 105 4 9 4 2 3 105 ||24 65 鲍正祥 淮安 10 96 5 9 5 0 4 96 ||25 62 陈新军 盐城 10 95 4 9 4 2 3 95 ||26 18 王子扬 扬中 10 92 4 9 4 2 3 92 ||27 25 袁福来 南京 10 85 5 9 5 0 4 85 ||28 15 王子梦 淮安 10 83 5 9 5 0 4 83 ||29 50 何元斌 山东青岛 10 81 5 9 5 0 4 81 ||30 66 王建鸣 安徽马鞍山 10 79 5 9 5 0 4 79 ||31 32 张天琰 南京 10 78 5 9 5 0 4 78 ||31 52 孙富民 扬中 10 78 5 9 5 0 4 78 ||33 63 吴轩乐 扬中 9 86 4 9 4 1 4 86 ||34 55 严宇轩 安徽马鞍山 9 82 4 9 4 1 4 82 ||35 4 潘平正 安徽芜湖 9 80 4 9 4 1 4 80 ||35 20 陈歆明 泰州 9 80 4 9 4 1 4 80 ||37 69 林劲风 淮安 9 76 4 9 4 1 4 76 ||38 37 叶国辉 句容 9 74 4 9 4 1 4 74 ||39 5 朱重谕 扬中 9 72 4 9 4 1 4 72 ||40 42 陈艺文 扬中 9 64 4 9 4 1 4 64 ||41 41 岳福根 镇江 8 91 4 9 4 0 5 91 ||42 64 任依皓 镇江 8 79 4 9 4 0 5 79 ||43 33 付佳乐 扬中 8 78 4 9 4 0 5 78 ||44 49 张业政 扬中 8 77 4 9 4 0 5 77 ||45 53 李广泽 扬中 8 77 3 9 3 2 4 77 ||46 22 孙瑞阳 淮安 8 73 4 9 4 0 5 73 ||47 68 张慕鸿 泰州 8 70 4 9 4 0 5 70 ||48 44 秦梓阳 扬中 8 70 3 9 3 2 4 70 ||49 13 陈境 扬中 8 69 4 9 4 0 5 69 ||50 7 陈玉军 镇江 7 84 3 9 3 1 5 84 ||51 19 李耀芳 安徽芜湖 7 81 3 9 3 1 5 81 ||51 34 栾振华 泰州 7 81 3 9 3 1 5 81 ||53 40 昌纪阳 安徽马鞍山 7 67 3 9 3 1 5 67 ||54 21 徐浩然 扬中 7 61 3 9 3 1 5 61 ||55 35 吴宇涵 靖江 7 53 3 9 3 1 5 53 ||56 45 许明 无锡 6 85 2 9 2 2 5 85 ||57 27 徐楠 扬中 6 69 3 9 3 0 6 69 ||57 59 刘紫涵 扬中 6 69 3 9 3 0 6 69 ||59 36 王智超 扬中 6 65 2 9 2 2 5 65 ||60 47 袁杰 扬中 6 62 3 9 3 0 6 62 ||61 14 张宏宇 安徽马鞍山 6 61 3 9 3 0 6 61 ||62 39 缪林瀚 扬中 6 59 2 9 2 2 5 59 ||63 2 刘天骄 安徽马鞍山 6 56 3 9 3 0 6 56 ||64 1 张紫馨 扬中 5 73 2 9 2 1 6 73 ||65 31 陈泽言 扬中 5 59 2 9 2 1 6 59 ||66 23 许统才 镇江 4 74 2 9 2 0 6 74 ||67 6 管宏宇 无锡 4 68 2 9 2 0 6 68 ||68 56 施欣言 扬中 4 60 2 9 2 0 7 60 ||69 67 刘炫池 扬中 4 56 2 9 2 0 7 56 ||70 60 梁家浩 扬中 0 49 0 9 0 0 9 49[/DhtmlXQ_comment0]
[DhtmlXQ_comment134]包干制下黑有几十秒，红超时负[/DhtmlXQ_comment134]
[DhtmlXQ_type]实战全局/开局[/DhtmlXQ_type]
[DhtmlXQ_timerule]40分包干[/DhtmlXQ_timerule]
[DhtmlXQ_endtype][/DhtmlXQ_endtype]
[DhtmlXQ_owner][/DhtmlXQ_owner]
[DhtmlXQ_firstnum]0[/DhtmlXQ_firstnum]
[DhtmlXQ_gametype]慢棋[/DhtmlXQ_gametype]
[DhtmlXQ_generator]www.chasoft.net[/DhtmlXQ_generator]
[DhtmlXQ_gamepreview]a91629ab6b93.png[/DhtmlXQ_gamepreview]
[/DhtmlXQ]


