[DhtmlXQ]
[DhtmlXQ_ver]www_vietcotuong_com[/DhtmlXQ_ver]
[DhtmlXQ_init]500,350[/DhtmlXQ_init]
[DhtmlXQ_title]第01轮-第01台-广州市代表队-苏沃松-先和-清远市代表队-莫伟明[/DhtmlXQ_title]
[DhtmlXQ_event]2014年广东省第五届工人运动会中国象棋竞赛规程[/DhtmlXQ_event]
[DhtmlXQ_date]2012年08月25日[/DhtmlXQ_date]
[DhtmlXQ_place]广东珠海[/DhtmlXQ_place]
[DhtmlXQ_round][/DhtmlXQ_round]
[DhtmlXQ_table][/DhtmlXQ_table]
[DhtmlXQ_red]苏沃松[/DhtmlXQ_red]
[DhtmlXQ_redteam][/DhtmlXQ_redteam]
[DhtmlXQ_redrating][/DhtmlXQ_redrating]
[DhtmlXQ_blacktime][/DhtmlXQ_time]
[DhtmlXQ_black]莫伟明[/DhtmlXQ_black]
[DhtmlXQ_blackteam][/DhtmlXQ_blackteam]
[DhtmlXQ_blackrating][/DhtmlXQ_blackrating]
[DhtmlXQ_blacktime][/DhtmlXQ_time]
[DhtmlXQ_result]和局[/DhtmlXQ_result]
[DhtmlXQ_open]C68 五七炮互进七兵对屏风马[/DhtmlXQ_open]
[DhtmlXQ_remark][/DhtmlXQ_remark]
[DhtmlXQ_author][/DhtmlXQ_author]
[DhtmlXQ_binit]0919293949596979891777062646668600102030405060708012720323436383[/DhtmlXQ_binit]
[DhtmlXQ_movelist]774710227967706289798070262563641727727419071211797520420919115119125152060530410715232439482234121124257525747111147174141174711114717414117471111471741411[/DhtmlXQ_movelist]
[DhtmlXQ_comment0]广东省第五届工人运动会中国象棋竞赛规程（广东珠海，2014-8-25~28） |||| ||一、 比赛日期和地点||2014年8月25-28日在珠海市举行。||二、竞赛项目||男子个人，女子个人,混合团体。||三、参加单位||各地级以上市、顺德区、省级产业工会、省直机关工会、中央驻穗单位和省属（集团）公司及有关厅（局）工会、省各行业体协。||四、参加办法||（一）各参赛单位可报领队1名、教练员1名；运动员男子3人，女子2人。||（二）参赛运动员资格按《广东省第五届工人运动会竞赛规程总则》规定执行。||（三）运动员参赛时必须携带第二代身份证进行参赛。||（四）参赛队名单将于报名截止后一周内在广东省社会体育网公示，公示期5天；各单位如对运动员资格有异议，可在公示期间向大会提出书面申诉，逾期将不再受理。||（五）参赛运动员的人身意外伤病保险由参赛单位负责办理。||（六）参赛选手提交二级以上医院的健康证明原件。||五、竞赛办法||（一）比赛采用中国象棋协会审定最新的《象棋竞赛规则》。||（二）采用九轮积分编排制进行比赛。||（三）每一局棋，每方用时45分钟。||（四）个人赛成绩计算办法：根据个人积分排列个人名次，如积分相等，依次比较对手分、胜局、后手胜局、犯规、上轮成绩，直至抽签决定。||（五）混合团体赛成绩计算办法：以参赛队个人赛名次列前的男子2人、女子1人名次之和计算，数值少者名次列前，如相同，则再依次比较最高个人、次高个人的名次，数值少者名次列前。||六、录取名次和计分办法||各单项录取一等奖1名、二等奖3名、三等奖4名，分别按13分、10分、8分计入各代表团总分内；并给予奖励。||七、报名和报到||（一）报名：||1、各参赛队于赛前一个月将报名表传真到广东省社会体育中心，（联系人：卢海燕，电话：020-83820172，传真：020-83820274；报名表电子版发至871102235@qq.com）；将一份报名表和报名材料报广东省总工会，（联系人：省总宣教部电话: 83872877传真：83872877）。||2、报名表内容必须电脑打印，同时加盖参赛单位公章。||3、报名表格请在www.gdpopsports.com下载。||4、报名时须提交材料：||（1）运动员身份证复印件；||（2）公务员及参照公务员管理的事业单位人员，提供单位人事部门出具的工资单；机关、事业单位的其他人员和企业事业单位人员，提供以单位为其缴纳基本养老金凭证（以2014年1-3月为准）。||（二）报到：待定||八、经费||各参赛单位交通费、食宿费自理。如需安排食宿，请与承办单位联系。||九、其它||如有申诉，必须在该单项比赛结束后20分钟内，向仲裁委员会提交领队签名的书面申诉，并交纳1000元申诉费，如胜诉则退还50%，如败诉则不予退回。||十、裁判员及仲裁委员由大会统一指派。||十一、本规程解释权属主办单位，未尽事宜，另行通知。[/DhtmlXQ_comment0]
[DhtmlXQ_comment1]排名	编号	姓名	单位	总分	对手分	累进分	胜数	后胜	犯规	比轮次	胜率	出场	胜	平	负	称号	等级分	英雄榜	榜分	K值	变动	备注	编排	PK||1	16	李　进	惠州市工人代表队	14	103	76	5	3	0	0	77.78	9	5	4	0		0	98	2502	10	6.7		编排	PK|英雄榜||2	19	林进春	东莞市工人代表队	14	100	70	5	3	0	0	77.78	9	5	4	0		0	150	2467	10	11.1		编排	PK|英雄榜||3	3	张剑明	广州市工人代表队	13	90	59	4	2	0	0	72.22	9	4	5	0		0	128	2479	15	-0.75		编排	PK|英雄榜||4	1	苏沃松	广州市工人代表队	13	89	59	4	2	0	0	72.22	9	4	5	0		0	370	2387	15	9.45		编排	PK|英雄榜||5	20	叶　军	东莞市工人代表队	13	88	61	5	4	0	0	72.22	9	5	3	1		0	128	2479	15	5.1		编排	PK|英雄榜||6	52	张俊杰	广东省供销合作联社	12	107	61	3	2	0	0	66.67	9	3	6	0		0	98	2502	10	2.3		编排	PK|英雄榜||7	23	林　铭	中山市工人代表队	12	105	71	4	1	0	0	66.67	9	4	4	1		0	478	2368	20	30.8		编排	PK|英雄榜||8	31	黎　铎	肇庆市工人代表队	12	105	65	4	2	0	0	66.67	9	4	4	1		0	161	2460	15	2.25		编排	PK|英雄榜||9	22	邓颂宏	中山市工人代表队	12	96	72	5	3	0	0	66.67	9	5	2	2	大师	0	356	2390	20	23.2		编排	PK|英雄榜||10	35	钱　君	清远市工人代表队	12	94	59	5	3	0	0	66.67	9	5	2	2		0	414	2380	15	12.3		编排	PK|英雄榜||11	21	麻文星	东莞市工人代表队	12	89	64	5	2	0	0	66.67	9	5	2	2		0	237	2420	15	4.5		编排	PK|英雄榜||12	27	钟廉清	江门市工人代表队	12	88	69	5	2	0	0	66.67	9	5	2	2		0	2235	2304	20	28		编排	PK|英雄榜||13	13	植明光	韶关市工人代表队	12	71	42	6	3	0	0	66.67	9	6	0	3		0	1263	2319	20	0.4		编排	PK|英雄榜||14	30	袁瑚泽	阳江市工人代表队	11	93	60	4	2	0	0	61.11	9	4	3	2		0	306	2402	15	-0.3		编排	PK|英雄榜||15	6	林川博	深圳市工人代表队	11	92	56	4	1	0	0	61.11	9	4	3	2		0	211	2434	15	-4.2		编排	PK|英雄榜||16	47	吴智杰	广东省电信工会	11	92	55	4	0	0	0	61.11	9	4	3	2		0	547	2358	20	3.2		编排	PK|英雄榜||17	33	叶　韵	肇庆市工人代表队	11	77	45	5	3	0	0	61.11	9	5	1	3		0	2329	2303	20	-11.2		编排	PK|英雄榜||18	17	孙本诗	惠州市工人代表队	10	93	57	3	1	0	0	55.56	9	3	4	2		0	1724	2310	15	0.15		编排	PK|英雄榜||19	34	莫伟明	清远市工人代表队	10	93	55	3	2	0	0	55.56	9	3	4	2		0	366	2388	15	-15.45		编排	PK|英雄榜||20	56	周　飞	广东省工业工会工人代表队	10	92	52	3	2	0	0	55.56	9	3	4	2		0	0	0	20	20.4		编排	PK|英雄榜||21	46	陆小华	广东省电信工会	10	91	49	4	2	0	0	55.56	9	4	2	3		0	982	2328	15	-10.5		编排	PK|英雄榜||22	64	黄德卫	广铁集团	10	90	58	5	3	0	0	55.56	9	5	0	4		0	0	0	20	11.2		编排	PK|英雄榜||23	28	陈　球	阳江市工人代表队	10	90	55	3	2	0	0	55.56	9	3	4	2		0	204	2437	15	-17.25		编排	PK|英雄榜||24	5	吴亚利	深圳市工人代表队	10	89	61	4	2	0	0	55.56	9	4	2	3		0	55	2534	10	-13.7		编排	PK|英雄榜||25	29	雷剑宏	阳江市工人代表队	10	83	56	5	2	0	0	55.56	9	5	0	4		0	1093	2324	15	-24		编排	PK|英雄榜||26	24	郭绮航	中山市工人代表队	10	81	52	5	2	0	0	55.56	9	5	0	4		0	580	2354	20	-26		编排	PK|英雄榜||27	25	唐　高	江门市工人代表队	10	78	52	4	2	0	0	55.56	9	4	2	3		0	0	0	20	-9.4		编排	PK|英雄榜||28	26	容志明	江门市工人代表队	10	78	50	3	3	0	0	55.56	9	3	4	2		0	0	0	20	0.6		编排	PK|英雄榜||29	18	黄汉敬	惠州市工人代表队	10	77	45	4	1	0	0	55.56	9	4	2	3		0	1889	2308	20	-18		编排	PK|英雄榜||30	36	卓　滨	清远市工人代表队	9	99	50	2	2	0	0	50	9	2	5	2		0	1226	2320	20	12.8		编排	PK|英雄榜||31	9	张舒军	珠海市工人代表队	9	85	50	3	1	0	0	50	9	3	3	3		0	0	0	20	-2.8		编排	PK|英雄榜||32	32	伦瑞娣	肇庆市工人代表队	9	83	51	4	3	0	0	50	9	4	1	4		0	0	0	20	-7		编排	PK|英雄榜||33	2	黄耀东	广州市工人代表队	9	83	45	2	0	0	0	50	9	2	5	2		0	1399	2316	15	1.65		编排	PK|英雄榜||34	8	冯章韵	珠海市工人代表队	9	81	45	4	2	0	0	50	9	4	1	4		0	0	0	20	-11		编排	PK|英雄榜||35	37	梁创浩	云浮市工人代表队	9	77	44	4	1	0	0	50	9	4	1	4		0	0	0	20	-9.8		编排	PK|英雄榜||36	14	黄仲荣	韶关市工人代表队	9	73	45	4	1	0	0	50	9	4	1	4		0	0	0	20	-23.2		编排	PK|英雄榜||37	57	孙彦斐	广东华兴银行	9	72	45	2	1	0	0	50	9	2	5	2		0	0	0	20	2.2		编排	PK|英雄榜||38	15	刘烈进	韶关市工人代表队	9	67	37	4	2	0	0	50	9	4	1	4		0	2444	2302	20	-6.6		编排	PK|英雄榜||39	39	张吟龙	云浮市工人代表队	9	66	35	4	1	0	0	50	9	4	1	4		0	0	0	20	-3.2		编排	PK|英雄榜||40	66	陈明达	广铁集团	8	85	38	3	2	0	0	44.44	9	3	2	4		0	0	0	20	-20.4		编排	PK|英雄榜||41	50	朱力方	广东省农村信用社联合社	8	84	42	2	2	0	0	44.44	9	2	4	3		0	0	0	20	-4		编排	PK|英雄榜||42	48	余志良	广东省电信工会	8	81	42	2	1	0	0	44.44	9	2	4	3		0	0	0	20	-10.6		编排	PK|英雄榜||43	10	吴燕武	佛山市工人代表队	8	78	44	3	2	0	0	44.44	9	3	2	4		0	0	0	20	-17		编排	PK|英雄榜||44	11	潘振辉	佛山市工人代表队	8	77	44	2	1	0	0	44.44	9	2	4	3		0	0	0	20	-16		编排	PK|英雄榜||45	41	吴泽佳	揭阳市工人代表队	8	64	36	4	2	0	0	44.44	9	4	0	5		0	0	0	20	-8.4		编排	PK|英雄榜||46	7	钟留允	珠海市工人代表队	8	62	34	3	1	0	0	44.44	9	3	2	4		0	0	0	20	-9.4		编排	PK|英雄榜||47	65	梁颂明	广铁集团	7	83	38	3	0	0	0	38.89	9	3	1	5		0	0	0	20	-13		编排	PK|英雄榜||48	51	洪　柱	广东省农村信用社联合社	7	80	37	3	1	0	0	38.89	9	3	1	5		0	0	0	20	-4.4		编排	PK|英雄榜||49	53	宋福生	广东省供销合作联社	7	79	30	2	2	0	0	38.89	9	2	3	4		0	0	0	20	6.4		编排	PK|英雄榜||50	40	奚坚群	揭阳市工人代表队	7	76	34	3	2	0	0	38.89	9	3	1	5		0	0	0	20	-11.8		编排	PK|英雄榜||51	61	黄木胜	广东省直机关工会	7	72	34	3	2	0	0	38.89	9	3	1	5		0	0	0	20	-22.2		编排	PK|英雄榜||52	43	曾钧跃	广东省地质工会	7	68	37	3	0	0	0	38.89	9	3	1	5		0	0	0	20	-27.8		编排	PK|英雄榜||53	63	曹培义	广东省直机关工会	7	61	26	3	1	0	0	38.89	9	3	1	5		0	0	0	20	-17.2		编排	PK|英雄榜||54	4	张　敦	深圳市工人代表队	7	51	22	3	2	0	0	38.89	9	3	1	5		0	0	0	20	-6		编排	PK|英雄榜||55	54	顾　帆	广东省供销合作联社	6	82	33	2	1	0	0	33.33	9	2	2	5		0	0	0	20	-30.6		编排	PK|英雄榜||56	49	原浩新	广东省农村信用社联合社	6	73	26	3	0	0	0	33.33	9	3	0	6		0	0	0	20	-23.8		编排	PK|英雄榜||57	44	洪良通	广东省食品药品监管局	5	68	23	1	0	0	0	27.78	9	1	3	5		0	0	0	20	-19		编排	PK|英雄榜||58	62	陈卓环	广东省直机关工会	5	62	13	2	1	0	0	27.78	9	2	1	6		0	0	0	20	-27.8		编排	PK|英雄榜||59	42	林金城	人保财险广东省分公司	5	58	21	2	1	0	0	27.78	9	2	1	6		0	0	0	20	-19		编排	PK|英雄榜||60	12	伍嘉雄	佛山市工人代表队	4	65	28	2	2	0	0	22.22	9	2	0	7		0	0	0	20	-28.4		编排	PK|英雄榜||61	45	丘荣伙	广东省食品药品监管局	3	55	19	1	1	0	0	16.67	9	1	1	7		0	0	0	20	-18		编排	PK|英雄榜||62	38	沈鑑清	云浮市工人代表队	1	61	8	0	0	0	0	5.56	9	0	1	8		0	0	0	20	-19.2		编排	PK|英雄榜||63	55	傅培德	广东省工业工会工人代表队	0	21	0	0	0	0	0	0	2	0	0	2		0	0	0	20	-10.4		编排	PK|英雄榜||64	60	郑红发	广东容大物业管理公司	0	12	0	0	0	0	0	0	1	0	0	1		0	0	0	20	0		编排	PK|英雄榜||65	58	吕其林	广东容大物业管理公司	0	10	0	0	0	0	1	0	1	0	0	1		0	0	0	20	0		编排	PK|英雄榜||65	59	李方明	广东容大物业管理公司	0	10	0	0	0	0	1	0	1	0	0	1		0	0	0	20	0		编排	PK|英雄榜[/DhtmlXQ_comment1]
[DhtmlXQ_type]实战全局/开局[/DhtmlXQ_type]
[DhtmlXQ_timerule]45分[/DhtmlXQ_timerule]
[DhtmlXQ_endtype][/DhtmlXQ_endtype]
[DhtmlXQ_owner][/DhtmlXQ_owner]
[DhtmlXQ_firstnum]0[/DhtmlXQ_firstnum]
[DhtmlXQ_gametype][/DhtmlXQ_gametype]
[DhtmlXQ_generator]www.chasoft.net[/DhtmlXQ_generator]
[DhtmlXQ_gamepreview]b6dfea8f2f71.png[/DhtmlXQ_gamepreview]
[/DhtmlXQ]


