[DhtmlXQ]
[DhtmlXQ_ver]www_vietcotuong_com[/DhtmlXQ_ver]
[DhtmlXQ_init]500,350[/DhtmlXQ_init]
[DhtmlXQ_title]第01轮 第01台 中华台北 刘安生 先负 越南 陈文柠[/DhtmlXQ_title]
[DhtmlXQ_event]2016年第七届杨官璘杯全国象棋公开赛海外组[/DhtmlXQ_event]
[DhtmlXQ_date]2016年09月05日[/DhtmlXQ_date]
[DhtmlXQ_place]广东东莞凤岗镇体育馆[/DhtmlXQ_place]
[DhtmlXQ_round][/DhtmlXQ_round]
[DhtmlXQ_table][/DhtmlXQ_table]
[DhtmlXQ_red]刘安生[/DhtmlXQ_red]
[DhtmlXQ_redteam][/DhtmlXQ_redteam]
[DhtmlXQ_redrating][/DhtmlXQ_redrating]
[DhtmlXQ_blacktime][/DhtmlXQ_time]
[DhtmlXQ_black]陈文柠[/DhtmlXQ_black]
[DhtmlXQ_blackteam][/DhtmlXQ_blackteam]
[DhtmlXQ_blackrating][/DhtmlXQ_blackrating]
[DhtmlXQ_blacktime][/DhtmlXQ_time]
[DhtmlXQ_result]黑胜[/DhtmlXQ_result]
[DhtmlXQ_open]A45 起马互进七兵局[/DhtmlXQ_open]
[DhtmlXQ_remark][/DhtmlXQ_remark]
[DhtmlXQ_author][/DhtmlXQ_author]
[DhtmlXQ_binit]0919293949596979891777062646668600102030405060708012720323436383[/DhtmlXQ_binit]
[DhtmlXQ_movelist]192723246665122279671002091900101713706269472425472502235948233589597276270876264645807077753527191726290829274613231017232030412917466759576775656463641736755457177079485979753948224220004245493945353949403025073545483754464939757937484565174762540010656939387977[/DhtmlXQ_movelist]
[DhtmlXQ_comment0]排名	编号	姓名	单位	总分	对手分	直胜	胜数	后胜	后手数	最强对手分	犯规	胜率	出场	胜	平	负	称号	等级分	备注||1	26	赖理兄	越南	16	95	0	7	3	4	0	0	88.89	9	7	2	0		0	||2	17	曹岩磊	中国澳门	14	93	0	6	2	5	0	0	77.78	9	6	2	1	大师	2507	||3	61	薛涵第	德国	13	106	0	5	2	4	0	0	72.22	9	5	3	1		0	||4	2	陈文柠	越南	13	101	0	6	3	5	0	0	72.22	9	6	1	2		0	||5	59	宗室日新	越南	12	94	1	4	1	4	0	0	66.67	9	4	4	1		0	||6	49	李锦欢	中国澳门	12	94	1	3	1	5	0	0	66.67	9	3	6	0		0	||7	6	吴宗翰	新加坡	12	91	0	4	1	5	0	0	66.67	9	4	4	1		0	||8	56	庄宏明	菲律宾	11	100	1	3	2	5	0	0	61.11	9	3	5	1		0	||9	4	陈振杰	中国香港	11	100	2	4	1	5	0	0	61.11	9	4	3	2		0	||10	24	阮明日光	越南	11	94	0	4	2	5	0	0	61.11	9	4	3	2		0	||11	30	梁达民	中国香港	11	92	0	4	3	4	0	0	61.11	9	4	3	2		0	||12	8	赵汝权	中国香港	11	91	1	3	3	4	0	0	61.11	9	3	5	1		0	||13	55	黄学谦	中国香港	11	91	1	2	2	5	0	0	61.11	9	2	7	0		0	||14	33	范启源	越南	11	90	1	4	2	4	0	0	61.11	9	4	3	2		0	||15	19	陈中坚	越南	11	90	1	3	2	5	0	0	61.11	9	3	5	1		0	||16	37	阮黄燕	越南	11	89	0	3	2	4	0	0	61.11	9	3	5	1		0	||17	3	武俊义	越南	11	88	1	5	3	5	0	0	61.11	9	5	1	3		0	||18	39	沈毅豪	马来西亚	11	88	1	4	3	5	0	0	61.11	9	4	3	2		0	||19	58	牟海勤	美国	11	88	1	3	2	5	0	0	61.11	9	3	5	1		0	||20	57	郑义霖	东马来西亚	11	84	0	4	2	5	0	0	61.11	9	4	3	2		0	||21	15	武明一	越南	10	97	0	4	2	5	0	0	55.56	9	4	2	3		0	||22	36	黄志强	中国香港	10	93	1	2	0	4	0	0	55.56	9	2	6	1		0	||22	38	谭伟伦	中国香港	10	93	1	2	0	4	0	0	55.56	9	2	6	1		0	||24	43	郭胜文	中华台北	10	84	0	3	1	5	0	0	55.56	9	3	4	2		0	||25	1	刘安生	中华台北	10	83	1	4	3	4	0	0	55.56	9	4	2	3		0	||26	12	邓伟文	中国香港	10	83	1	3	3	4	0	0	55.56	9	3	4	2		0	||27	28	费孟强	越南	10	83	1	2	1	4	0	0	55.56	9	2	6	1		0	||28	66	顾亿庆	加拿大	10	80	0	4	2	5	0	0	55.56	9	4	2	3		0	||29	34	阮明昭	中华台北	10	79	0	3	1	5	0	0	55.56	9	3	4	2		0	||30	9	阮黄坚	越南	9	94	0	4	2	4	0	0	50	9	4	1	4		0	||31	16	蔡玮恒	中国香港	9	90	0	4	2	4	0	0	50	9	4	1	4		0	||32	11	许正豪	新加坡	9	86	0	2	0	5	0	0	50	9	2	5	2		0	||33	65	张有为	马来西亚	9	85	0	3	1	4	0	0	50	9	3	3	3		0	||34	52	蔡安爵	中华台北	9	84	0	4	2	4	0	0	50	9	4	1	4		0	||35	60	李赞安	中国香港	9	83	0	2	1	4	0	0	50	9	2	5	2		0	||36	31	杜光伟	中国澳门	9	82	0	3	2	5	0	0	50	9	3	3	3		0	||37	5	游原硕	中华台北	9	79	0	3	2	4	0	0	50	9	3	3	3		0	||38	27	陈永乐	中国香港	9	78	0	2	1	5	0	0	50	9	2	5	2		0	||39	42	陈振国	中华台北	9	76	0	1	1	4	0	0	50	9	1	7	1		0	||40	13	林中贵	中华台北	9	75	0	2	1	4	0	0	50	9	2	5	2		0	||41	46	余盛智	中国香港	9	72	0	3	2	5	0	0	50	9	3	3	3		0	||42	54	翁德强	中国香港	8	94	0	3	2	4	0	0	44.44	9	3	2	4		0	||43	10	黄运兴	马来西亚	8	87	0	3	2	5	0	0	44.44	9	3	2	4		0	||44	63	陈钊荣	中国澳门	8	82	0	2	1	4	0	0	44.44	9	2	4	3		0	||45	7	谭志华	中国澳门	8	75	0	3	2	5	0	0	44.44	9	3	2	4		0	||46	62	庄培辉	中华台北	8	74	0	4	1	5	0	0	44.44	9	4	0	5		0	||47	51	廖颂庭	中国香港	8	67	0	3	2	5	0	0	44.44	9	3	2	4		0	||48	20	袁维尧	中国香港	8	66	1	4	2	4	0	0	44.44	9	4	0	5		0	||49	21	所司和晴	日本	8	66	1	3	2	5	0	0	44.44	9	3	2	4		0	||50	29	黎玲玉	越南	7	80	0	3	1	4	0	0	38.89	9	3	1	5		0	||51	53	邱冠杰	新加坡	7	75	0	2	2	5	0	0	38.89	9	2	3	4		0	||52	32	林岳峰	马来西亚	7	73	1	2	1	4	0	0	38.89	9	2	3	4		0	||53	35	姜　伟	加拿大	7	73	1	1	0	5	0	0	38.89	9	1	5	3		0	||54	48	许明龙	中华台北	7	72	0	3	2	4	0	0	38.89	9	3	1	5		0	||55	44	林嘉欣	中国香港	7	68	0	2	0	4	0	0	38.89	9	2	3	4		0	||56	23	陈康程	中国香港	7	63	0	3	3	5	0	0	38.89	9	3	1	5		0	||57	25	王家骏	中国香港	6	79	0	2	1	4	0	0	33.33	9	2	2	5		0	||58	22	洪旭增	中华台北	6	76	0	2	1	5	0	0	33.33	9	2	2	5		0	||59	18	陈裕伟	马来西亚	6	64	0	2	1	5	0	0	33.33	9	2	2	5		0	||60	50	汤砚智	中华台北	6	60	0	2	0	4	0	0	33.33	9	2	2	5		0	||61	40	方　烈	澳大利亚	6	55	0	3	2	4	0	0	33.33	9	3	0	6		0	||62	64	林键华	马来西亚	6	54	0	3	2	5	0	0	33.33	9	3	0	6		0	||63	47	黄育基	马来西亚	5	59	0	2	1	4	0	0	27.78	9	2	1	6		0	||64	41	海彼德	芬兰	5	57	0	2	1	5	0	0	27.78	9	2	1	6		0	||65	14	曾根敏彦	日本	2	57	0	1	0	4	0	0	11.11	9	1	0	8		0	||66	45	李　琛	英国	0	52	0	0	0	4	0	0	0	9	0	0	9		0[/DhtmlXQ_comment0]
[DhtmlXQ_comment1]  第七届“杨官璘杯”全国象棋公开赛||                                (海外组)竞赛规程|| ||    ||一、主办单位：中国象棋协会、广东省棋牌项目管理中心、东莞市体育总会||二、承办单位：东莞市凤岗镇人民政府||三、竞赛时间和地点||    2016年9月5-9日在广东省东莞市凤岗镇体育馆举行。||四、竞赛项目：个人赛||五、参赛资格：||世界象棋联合会各会员、会友单位(不含中国象棋协会)均可选派1名年龄40岁以下棋手(男女不限)，作为特邀棋手参赛。除特邀棋手外，其他境外棋手均可自由报名参赛。||六、竞赛办法：||    (一)采用亚洲象棋联合会制定的最新《象棋比赛规例》。||    (二)采用积分编排制进行9轮。||    (三)用时：每方基本用时60分钟，每走一步加20秒。||七、奖励办法：奖金(人民币，税前)||冠军5万元、亚军3万元、季军2万元、殿军6千元、第五名5千元、第六名4千元、第七名3千元、第八名2千5百元、第九、十名各2千元、第十一至十八名各1千元。||八、报名、报到||    (一)报名参加比赛的棋手应身体健康。||    (二)参赛棋手于8月15日前报名，逾期无效。报名需提交报名表(加盖协会章)、护照扫描件及电子证件照片。||    1.特邀棋手请将上述报名材料电邮并传真至中国象棋协会，邮箱:zgxqxh@163.com，电话:0086-10-87559131，传真：0086-10-67115732，联系人：陈浩。||2.自由报名棋手请将上述报名材料电邮至赛会组委会，邮箱:516212136@qq.com||电话：0086-769-87509678,联系人：朱定花(15024062756)||    (三)请参赛棋手于9月4日16:00前到广东省东莞市凤岗镇体育馆报到。||九、经费||    (一)特邀棋手食宿、交通费由组委会负担。交通费限于棋手所属协会所在地至广东省国际往返经济舱机票、火车票，机票或火车票抵达日期限于开赛前1周内，返程日期不限。棋手报到后，请将机票发票或火车票交组委会报销，以人民币结算。||    (二)自由报名棋手每人交纳报名费100元人民币；食宿、交通费自理；酒店参考价：五星级酒店450元/晚（含早餐）、普通酒店220元/晚（含早餐）。||    (三)组委会9月4日15:00前在深圳宝安机场、东莞市樟木头火车站安排免费班车接站。请需要接机、接站的棋手将抵达航班、车次于8月20日前告知组委会。提前或逾期抵达者费用自理。||十、日程安排||日期||上午||下午||晚上||9月4日||报到||报到||17:00技术会议||||9月5日||第一轮9:00||第二轮15:00||||9月6日||第三轮9:00||第四轮15:00||||9月7日||第五轮9:00||第六轮15:00||||9月8日||第七轮9:00||第八轮15:00||||9月9日||第九轮9:00||闭幕式15:00||离会||9月10日||离 会|| || ||十一、相关细则请登录凤岗网体育频道(www.fenggang.gov.cn/tiyu/)。||十二、请棋手着正装出席开、闭幕式活动。||十三、中国象棋协会拥有本次比赛中所产生的棋谱、现场视频的知识产权和信息网络传播权。||十四、未尽事宜，另行通知。||十五、本规程解释权属中国象棋协会。|| ||中国象棋协会||2016年7月15日[/DhtmlXQ_comment1]
[DhtmlXQ_comment2]第七届"杨官璘杯"王天一君临天下 唐思楠夺冠为个人赛定小目标||||||9月9日，第七届“杨官璘杯”全国象棋公开赛在广东东莞凤岗体育馆尘埃落定，专业男子组王天一君临天下，女子组唐思楠摘冠，公开组徐崇峰登顶，海外组越南赖理兄一统海外。||||备受关注的专业男子组中，王天一积分获得一轮优势，最后一轮轻松弈和洪智，王天一4胜5平，积13分，荣登本届杨官璘杯冠军，揽金8万，这是继浙江飞神杯夺冠之后，王天一捧来的第二座冠军奖杯。赵鑫鑫、蒋川分获亚军与季军。||||||值得一提的是，浙江老帅于幼华参加本次大赛，前期5连和，后取得3连胜，后来居上，勇夺第5佳绩，精神可贵。||||赛后，王天一表示，赛前没想过能拿冠军，因为今年参赛比较少，所以对自己也没有太高的要求，希望能找回参加大赛的节奏。从过程来看，自己发挥的比较稳定，基本没有出现什么失误，而对手或多或少犯下了点错误，被我抓住，赢了几盘棋。||||王天一对吉林个人赛展望，顺其自然，淘汰赛的赛制比较刺激，不能有丝毫的失误。希望这次争取能走的远一点。||||女子组中，唐思楠亦获得较大优势，积分比对手多一个轮次，最后一战与陈青婷对垒，弈至马炮残局，双方均无罅隙，罢兵成和，唐思楠轻松夺冠，揽金5万。这是继去年个人赛亚军之后，唐思楠取得的又一佳绩。亚军季军分为唐丹与陈青婷。||||唐思楠赛后表示，自己抱着学习的心态参加杨官璘杯，女子棋手等级分靠前，实力强大，赛前准备了一些流行布局，学习男子棋手的对战经验，自己受益匪浅。对于不久就要开战的高港杯与个人赛，自己有个“小目标”，暂时不宜透露。||||公开组中，昨晚加赛一轮，冠军仍然没有浮出水面，最后一战，郑一泓、徐崇峰、张彬同积15分，姚洪新平张彬，郭凤达平郑一泓，小将徐崇峰对陈富杰，表现一股冲劲，一举掀翻陈富杰，勇夺冠军，获奖3万。亚军季军张彬郑一泓。||||赛后，柳大华透露，此前严格要求爱徒徐崇峰，认真对待每一盘棋，严禁协议和棋，追求棋道不遗余力。徐崇峰在柳大华的教导下，进步神速，在前年获得16岁组少年赛冠军后，加入象甲队伍，逐渐羽翼丰满，在浙江队中站稳脚跟，担当大任。||||对于12岁湖北天才少年万科，柳大华亦是赞不绝口，参加本次大赛万科以学习为目标，增益不少。||||海外组，越南赖理兄经过象甲的调教，实力已今非昔比，战至最后，积15分傲视群雄，曹岩磊积13分紧随其后，最后一轮，赖理兄平越南陈文柠，德国薛涵第平中国澳门曹岩磊，赖理兄积14分勇夺三军，喜摘桂冠，获奖5万。中国澳门曹岩磊、德国薛涵第获得亚军与季军。||||赖理兄以“勤奋”著称，早在2010年就曾获得杨官璘杯第5名成绩，曾获越南个人赛冠军。本次大赛夺冠，已是水到渠成，自然而然。(文：中国棋牌网 笑笑生，图：广东象棋网)[/DhtmlXQ_comment2]
[DhtmlXQ_type]实战全局/开局[/DhtmlXQ_type]
[DhtmlXQ_timerule]60+20[/DhtmlXQ_timerule]
[DhtmlXQ_endtype][/DhtmlXQ_endtype]
[DhtmlXQ_owner][/DhtmlXQ_owner]
[DhtmlXQ_firstnum]0[/DhtmlXQ_firstnum]
[DhtmlXQ_gametype][/DhtmlXQ_gametype]
[DhtmlXQ_generator]www.ccbridge.net[/DhtmlXQ_generator]
[DhtmlXQ_gamepreview]c18898663174.png[/DhtmlXQ_gamepreview]
[/DhtmlXQ]


