[DhtmlXQ]
[DhtmlXQ_ver]www_vietcotuong_com[/DhtmlXQ_ver]
[DhtmlXQ_init]500,350[/DhtmlXQ_init]
[DhtmlXQ_title]苏州-戴松顺-负-泰州-孙逸阳[/DhtmlXQ_title]
[DhtmlXQ_event]2013年圣海天鹅湖杯江苏省第六届象棋棋王赛[/DhtmlXQ_event]
[DhtmlXQ_date]2013-06-08[/DhtmlXQ_date]
[DhtmlXQ_place]江苏圣海天鹅湖畔办公区[/DhtmlXQ_place]
[DhtmlXQ_round]第03轮[/DhtmlXQ_round]
[DhtmlXQ_table]第01台[/DhtmlXQ_table]
[DhtmlXQ_red]戴松顺[/DhtmlXQ_red]
[DhtmlXQ_redteam]苏州[/DhtmlXQ_redteam]
[DhtmlXQ_redrating][/DhtmlXQ_redrating]
[DhtmlXQ_blacktime][/DhtmlXQ_time]
[DhtmlXQ_black]孙逸阳[/DhtmlXQ_black]
[DhtmlXQ_blackteam]泰州[/DhtmlXQ_blackteam]
[DhtmlXQ_blackrating][/DhtmlXQ_blackrating]
[DhtmlXQ_blacktime][/DhtmlXQ_time]
[DhtmlXQ_result]黑胜[/DhtmlXQ_result]
[DhtmlXQ_open]A61 过宫炮对进左马[/DhtmlXQ_open]
[DhtmlXQ_remark][/DhtmlXQ_remark]
[DhtmlXQ_author]风雪不归路[/DhtmlXQ_author]
[DhtmlXQ_binit]0919293949596979891777062646668600102030405060708012720323436383[/DhtmlXQ_binit]
[DhtmlXQ_movelist]773770627967807026256364192710026947000159482324252401210907212417181222182824342715341415366042071703048959707159551417361771111736111837072226666564655565625465551814073772525545141345651316656326236343163643535433535502142824232224745272464533254544253748371435[/DhtmlXQ_movelist]
[DhtmlXQ_comment0]官方排名 第06轮排行 本轮对阵 个人第07轮后即时排行 胜率统计 第01轮排行 官方排名 ||1 7 孙逸阳 泰州 12 60 5 0 2 3 7 5 2 0 60.00 ||2 12 徐金良 扬州 11 43 5 0 2 3 7 5 1 1 43.00 ||3 6 鲁天 徐州 10 61 3 0 2 4 7 3 4 0 61.00 ||4 5 李全军 徐州 10 59 3 0 3 4 7 3 4 0 59.00 ||5 15 王兵 连云港 10 55 4 0 2 4 7 4 2 1 55.00 ||6 18 鲍正祥 淮安 10 53 3 0 1 4 7 3 4 0 53.00 ||7 17 李炳贤 连云港 10 52 4 0 2 4 7 4 2 1 52.00 ||8 44 鲁彦 个人 10 51 4 0 1 3 7 4 2 1 51.00 ||9 40 尹志勇 个人 10 50 4 0 3 3 7 4 2 1 50.00 ||10 8 张慕鸿 泰州 9 51 4 0 3 4 7 4 1 2 51.00 ||11 11 王征 苏州 9 44 2 0 1 3 7 2 5 0 44.00 ||12 42 宋昊明 个人 8 62 3 0 1 4 7 3 2 2 62.00 ||13 2 章磊 南京 8 59 2 0 1 3 7 2 4 1 59.00 ||14 4 王世祥 徐州 8 58 2 0 0 4 7 2 4 1 58.00 ||15 10 吴齐南 苏州 8 56 2 0 0 3 7 2 4 1 56.00 ||16 9 戴松顺 苏州 8 54 3 0 2 3 7 3 2 2 54.00 ||17 14 孟苒 扬州 8 53 3 0 1 3 7 3 2 2 53.00 ||18 33 庄玉明 於氏龙虾 8 46 3 0 1 4 7 3 2 2 46.00 ||19 16 张黎明 连云港 8 45 3 0 1 4 7 3 2 2 45.00 ||20 19 韩传明 淮安 8 37 4 0 1 3 7 4 0 3 37.00 ||21 21 袁涛 盐城 7 61 3 0 2 3 7 3 1 3 61.00 ||22 46 陈苏怡 个人 7 59 3 0 2 4 7 3 1 3 59.00 ||23 20 陈佳佳 淮安 7 58 3 0 1 3 7 3 1 3 58.00 ||24 36 桂杏来 圣海天鹅湖 7 55 3 0 1 3 7 3 1 3 55.00 ||25 23 汪建平 盐城 7 51 2 0 1 4 7 2 3 2 51.00 ||26 1 张海涛 南京 7 49 2 0 1 4 7 2 3 2 49.00 ||27 25 梅超杰 常州 7 48 3 0 1 3 7 3 1 3 48.00 ||28 24 余国儒 常州 7 46 3 0 1 4 7 3 1 3 46.00 ||29 41 陆裕秀 个人 6 58 3 0 1 3 7 3 0 4 58.00 ||30 43 沈思凡 个人 6 52 3 0 0 3 7 3 0 4 52.00 ||31 13 张晨 扬州 6 49 1 0 0 4 7 1 4 2 49.00 ||32 39 言缵昭 个人 6 48 2 0 1 4 7 2 2 3 48.00 ||33 22 陈洪书 盐城 6 47 2 0 1 4 7 2 2 3 47.00 ||34 34 姚建东 於氏龙虾 6 44 1 0 1 3 7 1 4 2 44.00 ||35 35 陈建东 於氏龙虾 6 43 2 0 2 4 7 2 2 3 43.00 ||36 26 高云路 常州 6 42 2 0 1 3 7 2 2 3 42.00 ||37 47 董嘉琦 个人 6 42 2 0 0 3 7 2 2 3 42.00 ||38 32 马志伟 大明宫 6 38 3 0 2 4 7 3 0 4 38.00 ||39 31 喻胜宝 大明宫 5 41 1 0 0 3 7 1 3 3 41.00 ||40 38 洪业清 圣海天鹅湖 5 38 1 0 1 4 7 1 3 3 38.00 ||41 37 侯劲松 圣海天鹅湖 5 33 2 0 1 4 7 2 1 4 33.00 ||42 30 胡永东 大明宫 4 52 1 0 0 3 7 1 2 4 52.00 ||43 3 张天琰 南京 4 51 1 0 0 3 7 1 2 4 51.00 ||44 48 胡平权 个人 4 44 1 0 1 4 7 1 2 4 44.00 ||45 45 董毓男 个人 4 38 1 0 0 3 7 1 2 4 38.00 ||46 28 李青苏 盱眙 3 41 1 0 0 4 7 1 1 5 41.00 ||47 29 皇甫银莹 盱眙 2 37 1 0 1 3 7 1 0 6 37.00 ||48 27 孙奕 盱眙 1 38 0 0 0 4 7 0 1 6 38.00 ||排序规则：积分，对手分，胜局，犯规，后手胜局，后手局数|| || || ||比赛组别： 比赛时间：2013-06-09 比赛地点：江苏圣海天鹅湖畔办公区 信息反馈：QQ88081492 ||裁 判 长：言穆江 编 排 长：吴宝林 软件资料： 网页制作：东萍象棋网[/DhtmlXQ_comment0]
[DhtmlXQ_comment1]　2013年“江苏圣海·天鹅湖杯”江苏省第六届象棋棋王赛竞赛规程||||　　2013年“江苏圣海·天鹅湖杯”||||　　江苏省第六届象棋棋王赛竞赛规程||||　　为丰富群众文化生活，经研究，决定举办2013年“江苏圣海·天鹅湖杯”江苏省第六届象棋棋王赛。现将有关事项通知如下：||||　　一、主办单位：江苏省棋类运动协会　盱眙县体育局||||　　二、承办单位：盱眙县象棋协会||||　　三、参赛资格：13个省辖市和承办单位各选派三名运动员参赛，为使年轻优秀选手得到赛事锻炼，其中一名运动员限三十岁以下：每队可派领队或教练一名，也可由运动员兼任。（象棋大师不允许报名）||||　　四、竞赛时间：2013年6月8日至9日两天。||||　　五、竞赛地点：江苏圣海·天鹅湖畔办公区||||　　六、竞赛办法：||||　　1、执行《2011年象棋竞赛规则》。||||　　2、采用积分编排制，赛七轮。每方基本用时40分钟，每走一步加10秒。实行40回合“自然限着”（棋手须向裁判提出），提出方“将军”着数最多计算7着。走棋违反行棋规定，第一次判犯规，第二次判负。||||　　3、名次确定：积分、对手分、胜局、犯规、后走胜局、后走局数、前一轮成绩。||||　　七、奖励标准：||||　　1、团体（以三名棋手的个人名次相加）录取前六名，发给奖杯证书；||||　　2、个人录取前八名，发给奖杯、证书和奖金；冠军5000元 ；亚军3000元；第三名1500元；第四名至第八名500元。||||　　八、报名办法：||||　　1、报名：各参赛单位填好报名表，加盖市体育局或棋类协会章后，于6月1日前分别寄到：①江苏棋院（南京市五台山1-6号，邮编：210029联系人：伍霞电话：025-86608792邮箱：mengxiang75@139.com）②盱眙县象棋协会（邮编：211700联系人：桂宝林电话：13770465166邮箱：asdfg511219@163.com）||||　　2、报到时间：6月7日下午5时前，在盱眙县泗洲君悦大酒店报到。(从盱眙汽车站打的至泗洲君悦大酒店为10元左右)||||　　九、其他事项：||||　　1. 各队人员差旅费自理。领队及棋手每人均交纳食宿费400元，不足部分由主办单位补贴。||||　　2.为使江苏省象棋棋王赛更有影响力，从今年起，在盱眙举办的省象棋棋王赛，将于中国·盱眙国际龙虾节同期进行。原先已经报名的单位，请近期与盱眙县象棋协会桂宝林同志(13770465166)联系确认。||||　　江苏省棋类运动协会||||　　二〇一三年五月十二日[/DhtmlXQ_comment1]
[DhtmlXQ_comment66]黑胜[/DhtmlXQ_comment66]
[DhtmlXQ_type]实战全局/开局[/DhtmlXQ_type]
[DhtmlXQ_timerule]40分＋10秒[/DhtmlXQ_timerule]
[DhtmlXQ_endtype][/DhtmlXQ_endtype]
[DhtmlXQ_owner]风雪不归路[/DhtmlXQ_owner]
[DhtmlXQ_firstnum]0[/DhtmlXQ_firstnum]
[DhtmlXQ_gametype]慢棋[/DhtmlXQ_gametype]
[DhtmlXQ_generator]www.chasoft.net[/DhtmlXQ_generator]
[DhtmlXQ_gamepreview]5e9cfc301672.png[/DhtmlXQ_gamepreview]
[/DhtmlXQ]


