[DhtmlXQ]
[DhtmlXQ_ver]www_vietcotuong_com[/DhtmlXQ_ver]
[DhtmlXQ_init]500,350[/DhtmlXQ_init]
[DhtmlXQ_title]四川 杨辉 胜 江苏徐州 侯海涛[/DhtmlXQ_title]
[DhtmlXQ_event]2018年“敦煌杯”丝路怡苑全国象棋公开赛[/DhtmlXQ_event]
[DhtmlXQ_date]2018-03-29[/DhtmlXQ_date]
[DhtmlXQ_place]敦煌丝路怡苑大酒店[/DhtmlXQ_place]
[DhtmlXQ_round]第01轮[/DhtmlXQ_round]
[DhtmlXQ_table]第01台[/DhtmlXQ_table]
[DhtmlXQ_red]杨辉[/DhtmlXQ_red]
[DhtmlXQ_redteam]四川[/DhtmlXQ_redteam]
[DhtmlXQ_redrating][/DhtmlXQ_redrating]
[DhtmlXQ_blacktime][/DhtmlXQ_time]
[DhtmlXQ_black]侯海涛[/DhtmlXQ_black]
[DhtmlXQ_blackteam]江苏徐州[/DhtmlXQ_blackteam]
[DhtmlXQ_blackrating][/DhtmlXQ_blackrating]
[DhtmlXQ_blacktime][/DhtmlXQ_time]
[DhtmlXQ_result]红胜[/DhtmlXQ_result]
[DhtmlXQ_open]C70 五七炮对屏风马进３卒[/DhtmlXQ_open]
[DhtmlXQ_remark][/DhtmlXQ_remark]
[DhtmlXQ_author][/DhtmlXQ_author]
[DhtmlXQ_binit]0919293949596979891777062646668600102030405060708012720323436383[/DhtmlXQ_binit]
[DhtmlXQ_movelist]774770627967807089791022666523241907204279731213172700100919504126251323191022102726636473752325656425293948426467557282474364427570627055741022434424252627825269472526272229220726222444438384264524444566708274826082464544146654826454331415430352823321405003534220454482225355644244435051434220422142515055585040588815118884[/DhtmlXQ_movelist]
[DhtmlXQ_comment0]2018年“敦煌杯”丝路怡苑全国象棋公开赛第13轮后即时排行[仅供参考]||排名	编号	姓名	团体	积分	对手分	胜局	犯规	后手局数	出场	胜	和	负	备注||官方排名 第12轮排行 本轮对阵 个人第13轮后即时排行 胜率统计 第01轮排行 官方排名||1	13	苗利明	河北	20	221	7	0	7	13	7	6	0	221||2	22	孟辰	辽宁	20	218	7	0	6	13	7	6	0	218||3	1	杨辉	四川	19	217	7	0	7	13	7	5	1	217||4	26	曹岩磊	澳门	19	209	7	0	6	13	7	5	1	209||5	25	何文哲	浙江	19	206	8	0	7	13	8	3	2	206||6	59	聂铁文	黑龙江	18	225	6	0	6	13	6	6	1	225||7	108	连泽特	中石油	18	216	6	0	7	13	6	6	1	216||8	57	赵殿宇	河北	18	214	8	0	6	13	8	2	3	214||9	115	梁富春	甘肃天水	18	203	7	0	6	13	7	4	2	203||10	27	武俊强	河南	18	202	6	0	6	13	6	6	1	202||11	19	周军	山西	18	200	7	0	6	13	7	4	2	200||12	28	刘明	宁夏	18	197	5	0	6	13	5	8	0	197||13	7	孙昕昊	浙江	18	186	8	0	6	13	8	2	3	186||14	3	才溢	北京	17	216	7	0	6	13	7	3	3	216||15	61	刘宗泽	湖北	17	214	8	0	6	13	8	1	4	214||16	88	陈柳刚	贵州遵义	17	209	5	0	6	13	5	7	1	209||17	56	刘俊达	黑龙江	17	207	7	0	7	13	7	3	3	207||18	69	梁军	兰州	17	202	7	0	6	13	7	3	3	202||19	11	曹鸿钧	北京	17	197	8	0	6	13	8	1	4	197||20	68	金松	沈阳	17	192	6	0	6	13	6	5	2	192||21	58	何龙	河北	17	188	6	0	7	13	6	5	2	188||22	20	张彬	天津	17	186	7	0	7	13	7	3	3	186||23	103	郭海军	青海西宁	16	215	5	0	6	13	5	6	2	215||24	44	孙思阳	杭州	16	206	6	0	6	13	6	4	3	206||25	90	成立明	兰州	16	205	6	0	6	13	6	4	3	205||26	4	范磊	辽宁	16	200	6	0	7	13	6	4	3	200||27	8	赵旸鹤	浙江	16	196	6	0	7	13	6	4	3	196||28	10	林川博	广东	16	191	6	0	7	13	6	4	3	191||28	66	陶世全	兰州	16	191	6	0	7	13	6	4	3	191||30	72	金华	新疆	16	190	6	0	6	13	6	4	3	190||31	6	秦劲松	广西	16	188	5	0	7	13	5	6	2	188||31	14	吴安勤	宁夏	16	188	5	0	7	13	5	6	2	188||31	114	刘福奎	甘肃嘉峪关	16	188	5	0	7	13	5	6	2	188||34	33	田新生	甘肃嘉峪关	16	183	4	0	6	13	4	8	1	183||35	45	雍志鸿	甘肃张掖	16	180	6	0	6	13	6	4	3	180||36	9	陆宏伟	浙江	16	178	6	0	6	13	6	4	3	178||37	16	郑欣	兰州	16	176	6	0	7	13	6	4	3	176||38	60	孙士有	大连	16	164	7	0	7	13	7	2	4	164||39	21	公克卒	山东	15	208	5	0	6	13	5	5	3	208||40	102	马文毅	甘肃白银	15	195	7	0	7	13	7	1	5	195||41	55	王维杰	兰州	15	195	6	0	6	13	6	3	4	195||42	34	李红新	新疆奎屯	15	194	6	0	7	13	6	3	4	194||43	32	刘玉武	甘肃武威	15	192	5	0	6	13	5	5	3	192||44	12	郝永林	兰州	15	191	5	1	7	13	5	5	3	191||45	104	陈志刚	青海西宁	15	185	6	0	7	13	6	3	4	185||46	78	孙强	新疆哈密	15	183	5	0	7	13	5	5	3	183||47	38	王成	甘肃张家川	15	176	6	0	7	13	6	3	4	176||48	36	郑亮亮	甘肃天水	15	176	6	0	6	13	6	3	4	176||49	15	高峰	甘肃天水	15	176	5	0	6	13	5	5	3	176||50	113	李智	甘肃酒泉	15	172	4	0	6	13	4	7	2	172||51	71	宋晓琬	辽宁	15	169	6	0	6	13	6	3	4	169||52	81	刘玉东	新疆哈密	15	168	6	0	6	13	6	3	4	168||53	122	蒋天志	甘肃酒泉	15	167	7	0	7	13	7	1	5	167||54	105	董江波	青海西宁	15	164	7	0	7	13	7	1	5	164||55	41	曾学成	甘肃张掖	15	153	7	0	6	13	7	1	5	153||56	17	崔承荣	兰州	14	194	6	0	6	13	6	2	5	194||57	67	任占国	宁夏	14	190	5	0	6	13	5	4	4	190||58	23	王晴	天津	14	180	5	0	6	13	5	4	4	180||59	42	刘喜龙	吉林长春	14	179	7	0	7	13	7	0	6	179||60	118	刘伟	甘肃酒泉	14	177	5	0	7	13	5	4	4	177||61	76	曹小全	甘肃陇南	14	176	6	0	6	13	6	2	5	176||62	87	马天祥	甘肃甘谷	14	176	5	0	6	13	5	4	4	176||63	110	陆占文	新疆哈密	14	172	6	0	6	13	6	2	5	172||63	121	柴永成	甘肃酒泉	14	172	6	0	6	13	6	2	5	172||65	117	王宏伟	甘肃酒泉	14	167	6	0	6	13	6	2	5	167||66	100	黄拓	宁夏银川	14	164	6	0	6	13	6	2	5	164||67	99	孔令普	甘肃临夏	14	163	7	0	7	13	7	0	6	163||68	96	张长安	新疆哈密	14	160	6	0	7	13	6	2	5	160||69	39	常育歆	甘肃白银	14	147	6	0	6	13	6	2	5	147||70	160	侯海涛	江苏徐州	14	141	6	0	7	13	6	2	5	141||71	101	任仲敏	甘肃白银	13	197	4	0	6	13	4	5	4	197||72	51	许中援	安徽淮南	13	187	5	0	6	13	5	3	5	187||73	119	潘琪玉	甘肃瓜州	13	180	6	0	6	13	6	1	6	180||74	31	王胜利	甘肃临夏	13	180	5	0	6	13	5	3	5	180||75	64	王新祥	甘肃定西	13	178	5	0	7	13	5	3	5	178||76	93	康东方	新疆哈巴河	13	178	5	0	6	13	5	3	5	178||77	5	李帜荣	青海	13	174	6	0	6	13	6	1	6	174||78	156	雷红举	敦煌	13	174	5	0	7	13	5	3	5	174||79	120	杨宝勤	甘肃酒泉	13	170	6	0	7	13	6	1	6	170||80	79	史晓利	新疆哈密	13	169	5	0	6	13	5	3	5	169||81	2	范卫发	兰州	13	165	6	0	7	13	6	1	6	165||82	63	火克宏	兰州	13	163	5	0	6	13	5	3	5	163||83	127	谢琨	敦煌	13	161	5	0	6	13	5	3	5	161||84	131	马国庆	敦煌	13	158	6	0	7	13	6	1	6	158||85	29	柴绍贵	甘肃武威	13	157	3	0	6	13	3	7	3	157||86	43	徐龙建	甘肃嘉峪关	13	156	4	0	6	13	4	5	4	156||87	40	蔡斌	兰州	13	155	5	0	7	13	5	3	5	155||88	112	张瑞	甘肃酒泉	13	154	6	0	7	13	6	1	6	154||89	130	李令振	青海油田	13	146	5	0	6	13	5	3	5	146||90	149	张继先	青海油田	13	142	5	0	6	13	5	3	5	142||91	85	赵文清	甘肃张掖	12	193	5	0	7	13	5	2	6	193||92	65	姜勇	甘肃定西	12	176	4	0	6	13	4	4	5	176||93	89	刘怀鹏	甘肃白银	12	174	5	0	6	13	5	2	6	174||94	94	孙良波	新疆哈密	12	169	5	0	6	13	5	2	6	169||95	147	孙云龙	青海油田	12	169	3	0	6	13	3	6	4	169||96	73	柴兰成	兰州	12	167	4	0	6	13	4	4	5	167||97	50	傅宝胜	安徽淮南	12	166	2	0	7	13	2	8	3	166||98	46	丁健	上海	12	164	6	0	7	13	6	0	7	164||99	80	芦建华	新疆哈密	12	164	4	0	7	13	4	4	5	164||100	150	夏俊明	贵州毕节	12	162	6	0	7	13	6	0	7	162||101	106	陈志军	青海西宁	12	162	5	0	7	13	5	2	6	162||102	111	刘兴平	甘肃酒泉	12	158	4	0	6	13	4	4	5	158||103	30	张筱笛	宁夏	12	158	3	0	7	13	3	6	4	158||104	91	周华滨	福建宁德	12	155	5	0	6	13	5	2	6	155||105	70	刘亚军	克拉玛依	12	151	5	1	7	13	5	2	6	151||106	74	张永成	甘肃陇南	12	145	2	0	7	13	2	8	3	145||107	138	张月才	青海油田	12	144	4	0	6	13	4	4	5	144||108	153	马全军	敦煌	12	140	5	0	7	13	5	2	6	140||109	82	李明	新疆哈密	12	139	5	0	7	13	5	2	6	139||110	107	马魁年	青海西宁	12	137	5	0	6	13	5	2	6	137||111	92	王红民	新疆库尔勒	11	189	4	0	6	13	4	3	6	189||112	124	赵琦	甘肃酒泉	11	179	3	0	7	13	3	5	5	179||113	83	赵猛	新疆哈密	11	169	4	0	6	13	4	3	6	169||114	54	苗承芳	兰州	11	167	5	0	7	13	5	1	7	167||115	157	韩飞泓	敦煌	11	163	3	0	7	13	3	5	5	163||116	95	裴晓荣	新疆哈密	11	160	5	0	6	13	5	1	7	160||117	109	段学国	甘肃嘉峪关	11	157	4	0	7	13	4	3	6	157||118	84	曹和平	甘肃张掖	11	155	5	0	7	13	5	1	7	155||119	155	侯国仁	敦煌	11	155	4	0	7	13	4	3	6	155||120	47	夏大宝	安徽淮南	11	150	5	0	6	13	5	1	7	150||121	98	张品胜	新疆哈密	11	150	4	0	7	13	4	3	6	150||122	52	俞学	甘肃嘉峪关	11	149	3	0	7	13	3	5	5	149||123	140	杨建国	青海油田	11	142	5	0	6	13	5	1	7	142||124	126	曾全新	敦煌	11	139	4	0	7	13	4	3	6	139||125	116	吴强	敦煌	11	126	5	0	7	13	5	1	7	126||126	145	曾财清	湖南	10	161	4	0	6	13	4	2	7	161||127	53	潘修洲	甘肃嘉峪关	10	156	4	0	6	13	4	2	7	156||128	158	马学元	青海德令哈	10	151	5	0	7	13	5	0	8	151||129	77	张绍君	新疆哈密	10	149	4	0	6	13	4	2	7	149||130	125	李野飞	新疆哈密	10	144	4	0	7	13	4	2	7	144||131	48	张景华	安徽淮南	10	144	3	0	6	13	3	4	6	144||132	143	廖志祥	青海油田	10	139	5	0	6	13	5	0	8	139||133	148	柴天高	青海油田	10	137	5	0	6	13	5	0	8	137||134	154	胡建启	甘肃天水	10	136	5	0	7	13	5	0	8	136||135	18	呼养顺	甘肃敦煌	10	132	4	0	7	13	4	2	7	132||136	135	王世全	青海油田	10	128	4	0	7	13	4	2	7	128||137	152	李建忠	敦煌	9	164	4	0	7	13	4	1	8	164||138	123	王正荣	甘肃酒泉	9	164	3	0	6	13	3	3	7	164||139	137	苏茂荣	青海油田	9	153	4	0	7	13	4	1	8	153||140	139	聂占业	青海油田	9	146	3	0	7	13	3	3	7	146||141	62	董万喜	兰州	9	145	4	0	7	13	4	1	8	145||142	134	董永林	甘肃阿克塞	9	137	3	0	7	13	3	3	7	137||143	146	绍八谦	青海油田	9	113	3	0	7	13	3	3	7	113||144	75	赵海强	甘肃陇南	8	157	3	0	6	13	3	2	8	157||145	97	颜显英	青海油田	8	150	2	0	7	13	2	4	7	150||145	151	马富强	青海油田	8	150	2	0	7	13	2	4	7	150||147	141	朱杰	青海油田	8	144	3	0	7	13	3	2	8	144||148	136	陆青海	青海油田	8	139	3	0	7	13	3	2	8	139||149	144	孟松	青海油田	8	136	3	0	7	13	3	2	8	136||150	35	焦福全	甘肃敦煌	8	132	4	0	6	13	4	0	9	132||151	129	魏建华	敦煌	8	131	3	0	6	13	3	2	8	131||152	159	成揆一	青海油田	8	118	4	0	7	13	4	0	9	118||153	49	王怀良	安徽淮南	7	151	3	1	7	13	3	1	9	151||154	132	蔺国强	敦煌	7	146	3	0	7	13	3	1	9	146||155	133	杨梆	敦煌	7	124	2	0	6	13	2	3	8	124||156	24	岳朝印	青海油田	7	123	2	0	7	13	2	3	8	123||157	142	高崇	青海油田	5	133	2	0	7	13	2	1	10	133||158	128	李长国	敦煌	2	121	1	0	7	13	1	0	12	121||159	37	梁永胜	甘肃天水	0	35	0	0	1	3	0	0	3	35||160	86	王枫	甘肃张掖	0	18	0	0	2	3	0	0	3	18||排序规则：积分，对手分，胜局，犯规，后手局数||弃权选手对手分按[对手实际积分]计算||比赛组别：	比赛时间：2018-03-29 2018-04-01	比赛地点：敦煌丝路怡苑大酒店	信息反馈：QQ88081492||裁 判 长：刘永进	编 排 长：尚立岱	软件资料：电脑编排大师软件	网页制作：东萍象棋网[/DhtmlXQ_comment0]
[DhtmlXQ_comment1]2018“敦煌杯”丝路怡苑全国象棋||||　　公开赛竞赛规程||||　　赛事指导单位：中国象棋协会||||　　一、主办单位：甘肃省体育总会||||　　甘肃省象棋运动协会||||　　二、承办单位：酒泉市体育总会||||　　敦煌市体育总会||||　　三、协办单位： 酒泉市象棋协会||||　　敦煌市象棋协会||||　　敦煌市工商联||||　　敦煌市黄渠镇文化中心||||　　四、冠名单位： 敦煌丝路怡苑大酒店||||　　五、赞助单位： 敦煌飞天酒业天德隆酒销售有限公司　　　敦煌市玛雅房屋有限公司　　敦煌市孔子学堂||||　　甘肃省卡拉宝饮料销售有限责任公司||||　　六、比赛时间：2018年3月29日4月1日||||　　七、比赛地点：敦煌丝路怡苑大酒店||||　　八、竞赛项目： 象棋个人赛||||　　九、参赛资格：身体健康、适合参加本项运动的国内外男女象棋爱好者均可报名参赛。限报200人，额满即至。||||　　十、比赛办法：||||　　(一)执行中国象棋协会审定的《象棋竞赛规则》(2011)。||||　　(二)采用电脑积分编排，比赛十三轮。||||　　(三)比赛用时为每方40分钟加10秒||||　　十一、录取名次和奖励办法：||||　　总奖金额：捌万柒仟柒佰元(87700元)||||　　（一）奖励设置：第一名20000元；第二名10000元；第三名5000元；第四名4000元；第五名3000元；第六名2500元；第七名至第十二名各2000元；第十三名至第十六名各1600元；第十七名至第二十名各1300元；第二十一名至二十四名各1000元；第二十五名至二十八名各800元；二十九名至三十四名各600元；第三十五名至四十名各500元；第四十一名至四十六名各400元；第四十七名至第五十二名各300元；第五十三名至六十名各200元。||||　　（二）敦煌本地棋手(含青海油田)奖励前二十名。奖励办法另行公布。遵循就高奖励不重复的奖励原则。敦煌棋手（含青海油田）获得第一名加奖励10000元；第二名加奖励5000元；第三名加奖励3000元。||||　　(三)前三名授予精美奖杯。前十六名授予荣誉证书。||||　　十二、参赛事项：||||　　(一)交通、食宿等费用自理。所有参赛棋手(敦煌本地棋手除外)必须统一入住敦煌丝路怡苑大酒店(准五星级)；每人每天住宿费（标准间）180元，丝路怡苑大酒店送三餐；男子国家象棋大师、女子国家象棋大师以上享受单人间，住宿费优惠至每人每天180元（送三餐）；全国冠军食宿、敦煌旅游全免。国外及港澳台棋手敦煌境内旅游门票全免。所有敦煌以外参赛棋手组团在敦煌境内景点旅游（除莫高窟门票半价外）免收门票，旅游大巴由敦煌丝路怡苑大酒店免费提供。||||　　(二)参赛棋手及家属可享受赛前和赛后两天的赛会食宿优惠价。||||　　(三)中国人寿保险有限责任公司敦煌支公司为所有参赛棋手免费提供3月27日至4月2日每人10元的人身意外伤害保险(保险保障范围包括但不仅限于突发疾病，交通意外，第三者伤害等，在参赛期间可能发生的一切人身及财产损失)。如因为未购买保险而出现意外伤害无法赔付的情况，与比赛组委会无关。||||　　十三、报名报到：||||　　(一)报名：参赛棋手须于报名时缴纳参赛服务费每人100元（国家象棋大师及以上级别必须先缴纳参赛服务费每人100元，报到时退还）。||||　　报名截止日期：2018年3月25日；报名时注明姓名、性别、籍贯、象棋等级称号，将参赛服务费汇至指定账户或微信红包、转账均可，截屏保存。||||　　联系人：谢琨 13679392311 微信：13679392311（敦煌人）||||　　侯海涛 13893747119　微信：hht55976502||||　　汇款银行：中国建设银行 6217 0043 3000 0581 505　谢琨||||　　(二)报到时间和地点：参赛棋手请于2018年3月28日下午18时前在敦煌丝路怡苑大酒店报到，并出示报名费汇款凭据或电子凭证照片。||||　　(三)行车路线：敦煌机场、敦煌火车站打车或大巴10分钟即可抵达敦煌丝路怡苑大酒店；柳园火车站打车或大巴80分钟即可抵达敦煌丝路怡苑大酒店。||||　　十四、未尽事宜，另行通知。||||　　十五、本规程解释权归属甘肃省体育总会。||||　　甘肃省体育总会||||　　甘肃省象棋运动协会||||　　2018年3月5日||||　　比赛日程安排||||　　日期　　上午　　下午||　　2018年3月28日　　报到　　报到||　　2018年3月29日||　　08:00开幕式||　　08:30-10:20第一轮||　　10:30-12:20第二轮||　　14:30-16:20第三轮||　　16:30-18:20第四轮||　　2018年3月30日||　　08:20-10:10第五轮||　　10:20-12:10第六轮||　　14:30-16:20第七轮||　　16:30-18:20第八轮||　　2018年3月31日||　　08:20-10:10第九轮||　　10:20-12:10第十轮||　　14:30-16:20第十一轮||　　16:30-18:20第十二轮||　　2018年4月1日||　　08:20-10:10第十三轮||　　11:00-12:00 闭幕式离会[/DhtmlXQ_comment1]
[DhtmlXQ_type]实战全局/开局[/DhtmlXQ_type]
[DhtmlXQ_timerule]40分＋10秒[/DhtmlXQ_timerule]
[DhtmlXQ_endtype][/DhtmlXQ_endtype]
[DhtmlXQ_owner][/DhtmlXQ_owner]
[DhtmlXQ_firstnum]0[/DhtmlXQ_firstnum]
[DhtmlXQ_gametype]慢棋[/DhtmlXQ_gametype]
[DhtmlXQ_generator]www.chasoft.net[/DhtmlXQ_generator]
[DhtmlXQ_gamepreview]fd082827e77a.png[/DhtmlXQ_gamepreview]
[/DhtmlXQ]


