[DhtmlXQ]
[DhtmlXQ_ver]www_vietcotuong_com[/DhtmlXQ_ver]
[DhtmlXQ_init]500,350[/DhtmlXQ_init]
[DhtmlXQ_title]1-轮01-新疆-金华-先负-上海队-谢靖[/DhtmlXQ_title]
[DhtmlXQ_event]2015年天龙立醒杯全国象棋个人赛男子乙组[/DhtmlXQ_event]
[DhtmlXQ_date]2015-11-20[/DhtmlXQ_date]
[DhtmlXQ_place]湖南省长沙市长沙联诚华天大酒店[/DhtmlXQ_place]
[DhtmlXQ_round][/DhtmlXQ_round]
[DhtmlXQ_table][/DhtmlXQ_table]
[DhtmlXQ_red]金华[/DhtmlXQ_red]
[DhtmlXQ_redteam][/DhtmlXQ_redteam]
[DhtmlXQ_redrating][/DhtmlXQ_redrating]
[DhtmlXQ_blacktime][/DhtmlXQ_time]
[DhtmlXQ_black]谢靖[/DhtmlXQ_black]
[DhtmlXQ_blackteam][/DhtmlXQ_blackteam]
[DhtmlXQ_blackrating][/DhtmlXQ_blackrating]
[DhtmlXQ_blacktime][/DhtmlXQ_time]
[DhtmlXQ_result]黑胜[/DhtmlXQ_result]
[DhtmlXQ_open]E21 仙人指路转左中炮对卒底炮飞左象[/DhtmlXQ_open]
[DhtmlXQ_remark][/DhtmlXQ_remark]
[DhtmlXQ_author][/DhtmlXQ_author]
[DhtmlXQ_binit]0919293949596979891777062646668600102030405060708012720323436383[/DhtmlXQ_binit]
[DhtmlXQ_movelist]262512227747204239486364796710311737001019277262273580816987626635546656897970625462226279725666727362633739815109075154073731524743304173756465876554444353444665874656756563733757562606051014294714448769444386852606575473786786787986785273656366465434738578570608393808093839090839388577343608093839090839380809383909073937070937390907393777566373464836564858[/DhtmlXQ_movelist]
[DhtmlXQ_comment0]男子乙组排名	编号	姓名	单位	总分	对手分	胜数	犯规	后手数	比轮次	胜率	出场	胜	平	负	称号	等级分	备注||1	20	连泽特	石油体协	10	56	3	0	3	0	71.43	7	3	4	0	大师	2443	||2	76	汪　洋	湖北光谷象棋队	9	61	2	0	3	1	64.29	7	2	5	0	特大	2589	||2	3	程吉俊	浙江省民泰银行象棋队	9	61	2	0	3	1	64.29	7	2	5	0	大师	2485	||4	45	姚洪新	中国棋院杭州分院	9	59	3	0	3	0	64.29	7	3	3	1		2473	||5	12	庄玉庭	广东碧桂园象棋队	9	57	2	0	3	0	64.29	7	2	5	0	特大	2481	||6	65	赵金成	山东队	9	56	2	0	3	1	64.29	7	2	5	0	大师	2540	||7	81	钟少鸿	火车头队	9	56	2	0	3	2	64.29	7	2	5	0		2552	||7	2	黄竹风	浙江省民泰银行象棋队	9	56	2	0	3	2	64.29	7	2	5	0	大师	2536	||9	13	许国义	广东碧桂园象棋队	9	55	2	0	4	0	64.29	7	2	5	0	特大	2517	||10	24	苗利明	内蒙古	9	54	3	0	3	0	64.29	7	3	3	1	大师	2507	||11	9	张瑞峰	青岛市	9	54	2	0	4	0	64.29	7	2	5	0		2475	||12	44	孙浩宇	江西省	9	54	2	0	3	1	64.29	7	2	5	0	大师	2499	||13	54	徐　超	江苏棋院	9	54	2	0	3	2	64.29	7	2	5	0	大师	2544	||14	31	万春林	上海金外滩队	9	53	2	0	4	1	64.29	7	2	5	0	特大	2532	||15	53	程进超	煤矿开滦	9	53	2	0	4	2	64.29	7	2	5	0	大师	2490	||16	48	何文哲	中国棋院杭州分院	9	52	2	0	4	0	64.29	7	2	5	0	大师	2396	||17	60	张申宏	广西队	9	51	3	0	4	0	64.29	7	3	3	1	大师	2464	||18	1	于幼华	浙江省非奥中心象棋队	9	51	3	0	3	0	64.29	7	3	3	1	特大	2453	||19	56	孙逸阳	江苏棋院	9	51	2	0	3	0	64.29	7	2	5	0	大师	2524	||20	21	张　欣	石油体协	9	49	3	0	4	0	64.29	7	3	3	1		2436	||21	70	张　彬	天津队	9	48	2	0	4	0	64.29	7	2	5	0		2513	||22	42	姜海涛	湖南天龙制药队	9	47	3	0	4	1	64.29	7	3	3	1		2396	||23	5	王家瑞	浙江省民泰银行象棋队	9	47	3	0	4	2	64.29	7	3	3	1		2450	||24	58	鲁　天	江苏棋院	9	46	4	0	3	0	64.29	7	4	1	2		2450	||25	18	么　毅	北京威凯建设	9	46	3	0	4	0	64.29	7	3	3	1		0	||26	11	金　松	辽宁队	8	59	1	0	3	0	57.14	7	1	6	0	大师	2443	||27	73	黎德志	云南省棋牌运动管理中心	8	57	2	0	3	0	57.14	7	2	4	1		2446	||28	14	黄海林	广东碧桂园象棋队	8	57	1	0	3	0	57.14	7	1	6	0	大师	2510	||29	15	李　禹	广东碧桂园象棋队	8	55	3	0	3	0	57.14	7	3	2	2		0	||30	30	谢　靖	上海金外滩队	8	54	1	0	4	0	57.14	7	1	6	0	特大	2564	||31	27	周　军	山西	8	53	2	0	4	0	57.14	7	2	4	1		2363	||32	66	李翰林	山东队	8	53	2	0	3	1	57.14	7	2	4	1	大师	2550	||33	61	陈富杰	广西队	8	53	2	0	3	2	57.14	7	2	4	1	大师	2480	||34	47	李炳贤	中国棋院杭州分院	8	51	3	0	4	0	57.14	7	3	2	2		2337	||35	72	魏依林	天津队	8	51	2	0	3	0	57.14	7	2	4	1		0	||36	40	肖革联	湖南天龙制药队	8	50	2	0	3	0	57.14	7	2	4	1	大师	2322	||37	80	林文汉	厦门海翼	8	45	3	0	4	0	57.14	7	3	2	2		2496	||38	16	黄光颖	广东碧桂园象棋队	8	45	2	0	4	0	57.14	7	2	4	1		2450	||39	26	滕　飞	大连体育总会	7	56	1	0	3	0	50	7	1	5	1		2403	||40	64	谢　岿	山东队	7	54	2	0	3	0	50	7	2	3	2	大师	2528	||41	33	陈　卓	上海金外滩队	7	52	2	0	4	0	50	7	2	3	2	大师	2429	||42	37	王　昊	上海浦东花木队	7	52	2	0	3	0	50	7	2	3	2		2407	||43	36	王　廓	上海浦东花木队	7	51	1	0	4	0	50	7	1	5	1		2359	||44	28	韩　强	山西	7	51	1	0	3	0	50	7	1	5	1		2444	||45	25	宿少峰	内蒙古	7	48	2	0	4	1	50	7	2	3	2	大师	2462	||46	78	柳　天	湖北光谷象棋队	7	48	2	0	4	2	50	7	2	3	2		0	||47	4	徐崇峰	浙江省民泰银行象棋队	7	46	2	0	3	0	50	7	2	3	2		2462	||48	17	靳玉砚	北京威凯建设	7	45	2	0	3	0	50	7	2	3	2	大师	2434	||49	68	李成蹊	山东队	7	44	3	0	4	0	50	7	3	1	3		2475	||50	62	邓桂林	广西队	7	43	3	0	4	0	50	7	3	1	3		2329	||51	67	张兰天	山东队	7	43	2	0	4	0	50	7	2	3	2	大师	2420	||52	50	王浩楠	中国棋院杭州分院	7	41	3	0	4	0	50	7	3	1	3		0	||53	38	陈柳刚	贵州省	7	41	2	0	4	0	50	7	2	3	2		0	||54	46	郭凤达	中国棋院杭州分院	7	36	3	0	4	0	50	7	3	1	3		2328	||55	10	刘俊达	黑龙江省棋牌运动管理中心	6	52	1	0	4	0	42.86	7	1	4	2		2450	||56	51	景学义	煤矿开滦	6	52	1	0	3	0	42.86	7	1	4	2	大师	2473	||57	77	王兴业	湖北光谷象棋队	6	51	1	0	4	1	42.86	7	1	4	2		2385	||58	43	赵攀伟	成都瀛嘉象棋队	6	51	1	0	4	2	42.86	7	1	4	2		0	||59	23	金　华	新疆	6	48	2	0	3	0	42.86	7	2	2	3		0	||60	34	宇　兵	上海金外滩队	6	47	2	0	3	0	42.86	7	2	2	3	大师	2380	||61	63	冯明光	广西队	6	43	2	0	3	0	42.86	7	2	2	3		0	||62	41	严　俊	湖南天龙制药队	6	40	2	0	3	0	42.86	7	2	2	3	大师	2448	||63	82	范　磊	火车头队	6	35	1	0	4	0	42.86	7	1	4	2		0	||64	69	赵勇霖	山东队	5	54	2	0	4	0	35.71	7	2	1	4		2387	||65	57	刘子健	江苏棋院	5	54	2	0	3	0	35.71	7	2	1	4	大师	2468	||66	19	李小龙	陕西省代表队	5	50	1	0	3	0	35.71	7	1	3	3		2344	||67	29	梁辉远	山西	5	49	2	0	3	0	35.71	7	2	1	4		2314	||68	7	谢丹枫	浙江省非奥中心象棋队	5	47	1	0	3	0	35.71	7	1	3	3	大师	2438	||69	55	朱晓虎	江苏棋院	5	45	0	0	4	0	35.71	7	0	5	2	大师	2443	||70	49	吉星海	中国棋院杭州分院	5	44	2	0	4	0	35.71	7	2	1	4		0	||71	75	田　菏	河北金环建设队	5	43	1	0	3	0	35.71	7	1	3	3		0	||72	35	蒋融冰	上海金外滩队	5	41	1	0	4	0	35.71	7	1	3	3		0	||73	79	秦　荣	湖北光谷象棋队	4	46	1	0	3	0	28.57	7	1	2	4		2460	||74	59	杨　楠	河南队	4	45	2	0	4	0	28.57	7	2	0	5		0	||75	74	王瑞祥	河北金环建设队	4	42	1	0	4	0	28.57	7	1	2	4	大师	2448	||76	22	邹进忠	福建省体育局	4	41	2	0	4	0	28.57	7	2	0	5		0	||77	83	许明龙	中华台北	4	40	2	0	4	0	28.57	7	2	0	5		0	||78	71	尚培峰	天津队	4	39	1	0	4	0	28.57	7	1	2	4		2389	||79	6	赵?D鹤	浙江省民泰银行象棋队	3	50	0	0	3	0	21.43	7	0	3	4		0	||80	52	窦　超	煤矿开滦	3	49	0	0	3	0	21.43	7	0	3	4		2398	||81	8	孙继浩	青岛市	3	43	1	0	4	0	21.43	7	1	1	5		0[/DhtmlXQ_comment0]
[DhtmlXQ_type]实战全局/开局[/DhtmlXQ_type]
[DhtmlXQ_timerule]50+30[/DhtmlXQ_timerule]
[DhtmlXQ_endtype][/DhtmlXQ_endtype]
[DhtmlXQ_owner][/DhtmlXQ_owner]
[DhtmlXQ_firstnum]0[/DhtmlXQ_firstnum]
[DhtmlXQ_gametype][/DhtmlXQ_gametype]
[DhtmlXQ_generator]www.chasoft.net[/DhtmlXQ_generator]
[DhtmlXQ_gamepreview]0c2d7b3c2faf.png[/DhtmlXQ_gamepreview]
[/DhtmlXQ]


