[DhtmlXQ]
[DhtmlXQ_ver]www_vietcotuong_com[/DhtmlXQ_ver]
[DhtmlXQ_init]500,350[/DhtmlXQ_init]
[DhtmlXQ_title]竹园居酒楼 刘宗泽 胜 潮阳 郑鸿标[/DhtmlXQ_title]
[DhtmlXQ_event]2013年广东顺德区第二届东涌竹园居杯象棋公开赛[/DhtmlXQ_event]
[DhtmlXQ_date]2013-02-24 14:10-14:40[/DhtmlXQ_date]
[DhtmlXQ_place]顺德区龙江镇竹园居酒楼[/DhtmlXQ_place]
[DhtmlXQ_round]第06轮[/DhtmlXQ_round]
[DhtmlXQ_table]第01台[/DhtmlXQ_table]
[DhtmlXQ_red]刘宗泽[/DhtmlXQ_red]
[DhtmlXQ_redteam]竹园居酒楼[/DhtmlXQ_redteam]
[DhtmlXQ_redrating][/DhtmlXQ_redrating]
[DhtmlXQ_blacktime][/DhtmlXQ_time]
[DhtmlXQ_black]郑鸿标[/DhtmlXQ_black]
[DhtmlXQ_blackteam]潮阳[/DhtmlXQ_blackteam]
[DhtmlXQ_blackrating][/DhtmlXQ_blackrating]
[DhtmlXQ_blacktime][/DhtmlXQ_time]
[DhtmlXQ_result]红胜[/DhtmlXQ_result]
[DhtmlXQ_open]A39 飞相对进３卒[/DhtmlXQ_open]
[DhtmlXQ_remark][/DhtmlXQ_remark]
[DhtmlXQ_author][/DhtmlXQ_author]
[DhtmlXQ_binit]0919293949596979891777062646668600102030405060708012720323436383[/DhtmlXQ_binit]
[DhtmlXQ_movelist]2947636477676042798770628979807019271232091910221707232479757282753550412625242535250002868570503948223419143455675755361418362425755053273543440737322287680212181224126856531356441315442512245755222555252443352315133727415023443041254513192729191644256254757354352533413229233523734340304383827233252304453530402513162606052623832304233533[/DhtmlXQ_movelist]
[DhtmlXQ_comment0]2013年广东顺德区第二届“东涌竹园居杯”象棋公开赛竞赛规程||比赛规程||--------------------------------------------------------------------------------|| ||一、主办单位：龙江镇宣传文体办 ||||二、承办单位：龙江镇棋类协会||||三、赞助单位：东涌居委会，竹园居酒楼，广东顺德龙江鸿基座椅有限公司，长实化工有限公司.||||四、竞赛日期和地点||||1、时间：春节（正月十五）2013年2月24日 早上8:30||||2、地点：顺德区龙江镇竹园居酒楼||||五、竞赛项目及分组：象棋个人赛||||六、参赛资格：广大象棋爱好者（男女不限）||||七、录取名次及奖励办法（总奖金：18440元）||||奖励前十六名，分别为：冠军3800元；亚军2800元；季军1800元；第四名1000元；第五名800元；第六名600元；第七名500元；第八名380元；第九至十一名和300元；第十二名至第十六名200元。||||龙江户籍奖励前十六名，分别为：第一名1000元；第二名800元；第三名600元；第四名500元；第五名380元；第六名300元；第七名280元；第八名200元；第九至十六名100元。||||八、报名和报到||||报名方式：可以使用QQ报名，也可以采用电话报名或亲自到东涌竹园居报名||||（1）QQ邮箱报名：在顺德区棋类协会比赛专区Q群257854812下载报名表，并按报名表规定内容逐一填写后用E-MAIL发送3988366@qq.com，报名后请在棋协比赛专区Q群里核对名单，如有错漏马上联系更正。||||(2)电话报名： ||||龙江镇宣传文体办　 联系电话：0757-23870615（胡女士）||||龙江棋协　 联系电话：13923229688（蔡先生）18988671212（刘女士）||||（3）亲身报名：||||顺德区龙江镇东涌竹园居酒楼　　联系电话：0757-23373070||||报名截止时间：2013年2月20日17:30前||||报名费：参赛者每人30元（大会提供午餐），龙江棋协会员免报名费。||||报到：8:30前报到，缺席者作弃权处理。报到时每位参赛棋手须另交100元参赛保证金，完成全部比赛随即返还，报到时请出示身份证明资料。如中途弃权者保证金不作退还处理。||||九、编排与裁判工作：||||1、采用9轮电脑积分编排，同轮同分相对，若配对不同，则以临近积分配对。||||2、本次比赛的裁判长、裁判员由龙江棋类协会选派。||||十、比赛规则：||||1、本次比赛采《象棋竞赛规则》2011 (试行) ||||2、9:00准时开赛，迟到十分钟当作弃权处理。||||3、采用快棋包干用时间制，每方基本用时10分钟，超时作负。||||4、自然限着计算40个回合，提出方的“将军”数最多计算6着。||||5、当只有一个进攻子和没有取胜的条件下，裁判有权判和！||||6、当对弈至双方无取胜可能的简单局面，若一方提和即判和，但用时少于一分钟不能提和，只能计算40个回合自然限着！||||7、一方走棋后“超时”，除将死、困毙，其他情况均应按“超时”判负。||||8、积分计算：胜：2分；和：1分；负：0分。||||9、成绩计算以下列顺序区分：积分、对手分、累进分、胜局、违例；名次根据积分多少决定，高者名列前。如无法区分，则比较前一轮成绩，直至区分。||||10、赛场纪律：文明比赛，场内禁止高声喧哗、吸烟，不得使用手机通话、响铃。第一次警告，第二次记违例，第三次本轮有积分的取消积分。||||十一、竞赛日程：||||日期 时间 内容 备注||||早上 9:00-9:30 第1轮||　9:40-10:10 第2轮||　10:20-10:50 第3轮||　11:00-11:30 第4轮||　||下午 13:30-14:00 第5轮||　14:10-14:40 第6轮||　14:50-15:20 第7轮||　15:30-16:00 第8轮||　16:10-16:40 第9轮||　17:00/颁奖||||||十二、参赛人员参赛期间自购安全保险，安全责任自负！||||十三、本规程解释权属主办单位，未尽事宜，另行通知。||||||||　　　　　　　　　　　　　　　 龙江镇棋类协会东涌竹园居杯筹备委员会||||　　　　　　　　　　　　　　　　　　　　2013年1月28日||||[/DhtmlXQ_comment0]
[DhtmlXQ_comment1]2013年广东顺德区第二届东涌竹园居杯象棋公开赛第09轮后即时排行[仅供参考]排名 编号 姓名 团体 积分 对手分 累进分 胜局 出场 胜 和 负 备注 ||第08轮排行 本轮对阵 个人第09轮后即时排行 胜率统计 第01轮排行 ||1 180 刘宗泽 竹园居酒楼 16 108 86 7 9 7 2 0 108.0 ||2 32 张学潮 亿创电器 15 107 76 7 9 7 1 1 107.0 ||3 125 黎德志 顺天之德地产 15 104 80 6 9 6 3 0 104.0 ||4 77 林进春 东莞长安 15 99 75 6 9 6 3 0 99.0 ||5 159 郑鸿标 潮阳 15 98 79 7 9 7 1 1 98.0 ||6 61 李可东 广州 14 117 78 5 9 5 4 0 117.0 ||7 55 刘立山 电白县 14 108 72 7 9 7 0 2 108.0 ||8 112 陈富杰 亿创电器 14 105 74 5 9 5 4 0 105.0 ||9 91 黄仕清 鸿基礼堂椅 14 102 65 6 9 6 2 1 102.0 ||10 184 谢艺 湛江 14 95 64 7 9 7 0 2 95.0 ||11 47 蔡佑广 长实化工 13 111 79 6 9 6 1 2 111.0 ||12 46 王帆 湖北黄岗 13 101 69 6 9 6 1 2 101.0 ||13 148 朱少钧 乐昌 13 100 75 6 9 6 1 2 100.0 ||14 72 李菁 顺天之德地产 13 100 57 6 9 6 1 2 100.0 ||15 136 高铭键 东莞 13 99 73 5 9 5 3 1 99.0 ||16 71 向有权 湖南 13 98 66 5 9 5 3 1 98.0 ||17 22 许国义 鸿基礼堂椅 13 96 63 6 9 6 1 2 96.0 ||18 54 李永达 东方棋院 13 93 68 6 9 6 1 2 93.0 ||19 62 胡庆阳 竹园居酒楼 13 93 55 6 9 6 1 2 93.0 ||20 106 陈子辉 云浮 13 89 60 6 9 6 1 2 89.0 ||21 163 蓝云忠 禅城 13 89 56 6 9 6 1 2 89.0 ||22 16 黎铎 阳江 12 99 66 6 9 6 0 3 99.0 ||23 115 罗志坚 乐从 12 98 62 5 9 5 2 2 98.0 ||24 166 胡克华 湖北 12 96 71 5 9 5 2 2 96.0 ||25 185 陈伟峰 宝生珠宝行 12 95 62 6 9 6 0 3 95.0 ||26 49 欧锦良 宝生珠宝行 12 93 58 6 9 6 0 3 93.0 ||27 34 张新荣 湛江 12 92 64 6 9 6 0 3 92.0 ||28 158 罗礼和 广州 12 89 58 6 9 6 0 3 89.0 ||29 116 区柏雄 广州 12 88 49 5 9 5 2 2 88.0 ||30 130 梁运龙 恒久珠宝金行 12 87 56 5 9 5 2 2 87.0 ||31 50 黄长明 顺天之德地产 12 86 58 5 9 5 2 2 86.0 ||32 3 梁仲仪 番禺 12 85 66 6 9 6 0 3 85.0 ||33 80 王况轩 鹤山 12 85 62 5 9 5 2 2 85.0 ||34 63 姚连生 东莞 12 85 58 6 9 6 0 3 85.0 ||35 119 苏钜明 中山 12 83 66 6 9 6 0 3 83.0 ||36 194 曾少权 汕尾 12 72 56 6 9 6 0 3 72.0 ||37 88 陈俊彦 江门 11 102 65 5 9 5 1 3 102.0 ||38 11 魏建伟 云浮 11 98 65 5 9 5 1 3 98.0 ||39 168 林创强 恒久珠宝金行 11 96 66 5 9 5 1 3 96.0 ||40 117 黄嘉亮 广州 11 96 64 5 9 5 1 3 96.0 ||41 150 郭洁明 中山 11 93 52 5 9 5 1 3 93.0 ||42 133 王小兵 江西 11 91 60 5 9 5 1 3 91.0 ||43 93 张俊杰 宝生珠宝行 11 89 60 5 9 5 1 3 89.0 ||44 155 黄国盛 禅城 11 89 58 5 9 5 1 3 89.0 ||45 157 李进 惠州 11 89 50 5 9 5 1 3 89.0 ||46 110 何文成 广西 11 84 56 5 9 5 1 3 84.0 ||47 114 方伟胜 广州 11 84 54 5 9 5 1 3 84.0 ||48 181 时凤兰 新希望学校 11 80 51 5 9 5 1 3 80.0 ||49 178 张达欢 中山 10 97 62 5 9 5 0 4 97.0 ||50 90 李小刚 深圳 10 94 66 5 9 5 0 4 94.0 ||51 191 张江诚 湖南 10 93 63 4 9 4 2 3 93.0 ||52 149 刘永培 鹤山 10 93 51 4 9 4 2 3 93.0 ||53 82 黄耀东 广州 10 91 57 4 9 4 2 3 91.0 ||54 31 吴逢山 新疆 10 90 48 5 9 5 0 4 90.0 ||55 87 贺敏飞 广州 10 89 49 4 9 4 2 3 89.0 ||56 42 张树海 广州 10 88 52 4 9 4 2 3 88.0 ||57 127 陈智全 顺天之德地产 10 87 60 3 9 3 4 2 87.0 ||58 175 邱伟雄 东方棋院 10 85 54 5 9 5 0 4 85.0 ||59 2 简卓鹏 广州 10 84 62 4 9 4 2 3 84.0 ||60 48 程宇东 宝生珠宝行 10 81 42 5 9 5 0 4 81.0 ||61 10 廖建新 龙江 10 80 56 5 9 5 0 4 80.0 ||62 8 刘汉 顺德 10 80 48 4 9 4 2 3 80.0 ||63 37 麦国海 广州 10 79 56 5 9 5 0 4 79.0 ||64 56 莫柱谦 容桂 10 79 42 5 9 5 0 4 79.0 ||65 183 陈长伶 龙江棋协 10 79 40 5 9 5 0 4 79.0 ||66 107 黄志勇 南海九江 10 78 48 3 9 3 4 2 78.0 ||67 19 范志杰 东方棋院 10 78 44 5 9 5 0 4 78.0 ||68 21 崔仕标 喜迎门酒楼 10 77 41 4 9 4 2 3 77.0 ||69 68 吴介坤 竹园居酒楼 10 76 58 5 9 5 0 4 76.0 ||70 105 潘瑞明 南海九江 10 76 46 5 9 5 0 4 76.0 ||71 162 刘小敏 江西 10 74 50 5 9 5 0 4 74.0 ||72 25 任文雄 广州花都 10 73 44 5 9 5 0 4 73.0 ||73 75 卢广成 勒流 10 73 41 4 9 4 2 3 73.0 ||74 132 李枝强 龙江棋协 10 72 45 4 9 4 2 3 72.0 ||75 139 何伟源 勒流 9 86 56 4 9 4 1 4 86.0 ||76 85 郭小麟 广州 9 86 50 4 9 4 1 4 86.0 ||77 156 冯耀广 龙江棋协 9 86 47 4 9 4 1 4 86.0 ||78 131 黎天华 顺天之德地产 9 84 39 3 9 3 3 3 84.0 ||79 28 高劭杰 南海 9 83 44 4 9 4 1 4 83.0 ||79 76 芶金平 四川 9 83 44 4 9 4 1 4 83.0 ||81 141 刘标 东涌村委会 9 82 49 4 9 4 1 4 82.0 ||82 121 张汝乐 龙江棋院 9 82 40 4 9 4 1 4 82.0 ||83 151 蓝政鸿 广州 9 81 49 4 9 4 1 4 81.0 ||84 92 黄伟洪 中山 9 81 45 4 9 4 1 4 81.0 ||85 129 黄伟强 连州 9 81 39 3 9 3 3 3 81.0 ||86 23 郭绮航 中山 9 80 51 4 9 4 1 4 80.0 ||87 74 陈锦 广州 9 79 54 4 9 4 1 4 79.0 ||88 124 李家林 中山 9 77 49 4 9 4 1 4 77.0 ||89 104 骆锋 惠州 9 76 48 4 9 4 1 4 76.0 ||90 179 李添富 南海九江 9 76 35 4 7 4 1 2 76.0 ||91 95 邓永填 龙江棋协 9 75 48 4 9 4 1 4 75.0 ||92 122 伍秉煜 中山 9 72 41 4 9 4 1 4 72.0 ||93 6 周炳南 顺德北滘 9 70 49 4 9 4 1 4 70.0 ||94 188 伍焕豪 中山 9 70 38 4 9 4 1 4 70.0 ||95 189 张鑫 广西 9 64 36 4 9 4 1 4 64.0 ||96 145 杜御风 阳春 8 91 54 4 9 4 0 5 91.0 ||96 164 欧新良 中山 8 91 54 4 9 4 0 5 91.0 ||98 187 叶祥 个人 8 89 44 4 9 4 0 5 89.0 ||99 111 李祥林 番禺 8 87 36 4 9 4 0 5 87.0 ||100 17 刘宇彬 广州 8 83 52 4 9 4 0 5 83.0 ||101 59 孙阳超 禅城 8 83 42 3 9 3 2 4 83.0 ||102 144 杜观永 中山 8 82 47 3 9 3 2 4 82.0 ||103 39 林定辉 阳江 8 81 46 4 9 4 0 5 81.0 ||104 14 黄逸超 龙江棋院 8 81 44 4 9 4 0 5 81.0 ||105 118 陈庆新 乐从 8 81 38 4 9 4 0 5 81.0 ||105 154 梁建新 禅城 8 81 38 4 9 4 0 5 81.0 ||107 84 邹卫勋 南海 8 80 52 4 9 4 0 5 80.0 ||108 44 古达清 番禺 8 77 56 4 9 4 0 5 77.0 ||109 45 陈永权 阳江 8 76 30 4 9 4 0 5 76.0 ||110 66 黎新荣 勒流西华 8 75 44 4 9 4 0 5 75.0 ||111 51 张炯亨 南海 8 75 42 4 9 4 0 5 75.0 ||112 53 程永佳 南海九江 8 73 35 3 9 3 2 4 73.0 ||113 40 吴百隆 顺德 8 72 42 4 9 4 0 5 72.0 ||114 27 邓少孟 广西 8 70 36 4 9 4 0 5 70.0 ||115 15 吴志鸿 大良 8 70 30 4 9 4 0 5 70.0 ||116 98 叶兆驷 龙江 8 67 34 4 9 4 0 5 67.0 ||117 146 杨文兵 中山 8 63 34 3 9 3 2 4 63.0 ||118 12 刘铭祺 恒久珠宝金行 8 59 26 4 9 4 0 5 59.0 ||119 113 丘荣生 陈村 7 88 41 2 9 2 3 4 88.0 ||120 81 廖景湛 龙江 7 83 41 3 9 3 1 5 83.0 ||121 65 胡培全 龙江棋协 7 80 37 3 9 3 1 5 80.0 ||122 109 陈经宜 南海大沥 7 76 33 3 9 3 1 5 76.0 ||123 89 萧汝添 龙江 7 69 34 3 9 3 1 5 69.0 ||124 70 冯翟强 禅城 7 68 44 2 9 2 3 4 68.0 ||125 173 张海杰 顺德 7 67 42 3 9 3 1 5 67.0 ||126 96 何伟洪 顺德 7 64 32 2 9 2 3 4 64.0 ||127 99 冯海权 东方棋院 7 63 40 3 9 3 1 5 63.0 ||128 138 钟启星 珠海 7 62 31 3 9 3 1 5 62.0 ||129 30 苏洛其 中山 7 61 30 3 9 3 1 5 61.0 ||130 60 吴友华 高明 7 51 19 3 9 3 1 5 51.0 ||131 26 曾庆兵 龙江 6 81 42 3 9 3 0 6 81.0 ||132 13 张永尚 龙江棋协 6 69 40 3 9 3 0 6 69.0 ||133 186 李相操 湛江 6 69 24 3 9 3 0 6 69.0 ||134 192 李宝桦 东方棋院 6 69 22 3 9 3 0 6 69.0 ||135 35 黄志龙 中山 6 68 32 3 9 3 0 6 68.0 ||136 36 陈泳甜 龙江 6 67 30 3 9 3 0 6 67.0 ||137 101 李梓晖 东方棋院 6 65 38 3 9 3 0 6 65.0 ||138 20 陈少林 龙江 6 64 32 3 9 3 0 6 64.0 ||139 33 张果森 龙江 6 64 24 3 9 3 0 6 64.0 ||140 137 廖成发 龙江棋协 6 62 27 2 9 2 2 5 62.0 ||141 167 钟卓妍 东方棋院 6 59 18 3 9 3 0 6 59.0 ||142 86 梁林培 勒流 6 56 18 3 9 3 0 6 56.0 ||143 29 谭奕荣 三水西南 6 53 28 3 9 3 0 6 53.0 ||144 153 黎沛虹 顺龙律师所 6 50 22 3 9 3 0 6 50.0 ||145 7 林绰行 中山 5 70 35 2 9 2 1 6 70.0 ||146 108 秦峰 东方棋院 5 70 30 2 9 2 1 6 70.0 ||147 161 李春红 东莞 4 73 24 2 9 2 0 6 73.0 ||148 140 张汝顺 龙江 4 69 24 2 9 2 0 7 69.0 ||149 126 梁朋星 勒流西华 4 68 23 1 9 1 2 6 68.0 ||150 170 李颖怀 龙江棋协 4 64 24 1 9 1 2 5 64.0 ||151 24 何伟雄 龙江 4 58 18 2 9 2 0 7 58.0 ||152 9 冯天铄 东方棋院 4 58 12 2 9 2 0 7 58.0 ||153 169 谭伟锋 龙江 4 56 22 2 9 2 0 7 56.0 ||154 147 郭裕昌 番禺 4 49 14 2 9 2 0 7 49.0 ||155 143 黄家辉 东方棋院 3 62 15 1 9 1 1 7 62.0 ||156 177 蔡道臻 东方棋院 3 48 11 1 9 1 1 7 48.0 ||157 193 梁湛标 中山 2 60 14 1 9 1 0 8 60.0 ||158 43 梁洪兴 珠海 0 42 0 0 7 0 0 7 42.0 ||159 79 杜满希 龙江麦朗 0 27 0 0 4 0 0 3 27.0 ||159 83 李振生 坦田小学 0 27 0 0 4 0 0 3 27.0 ||161 78 黄敬慈 番禺 0 15 0 0 1 0 0 1 15.0 ||161 160 罗兆强 容桂 0 15 0 0 1 0 0 1 15.0 ||163 135 凌卫军 东方棋院 0 13 0 0 1 0 0 1 13.0 ||164 4 薛才强 阳江 0 12 0 0 1 0 0 1 12.0 ||164 64 蔡光惠 广州 0 12 0 0 1 0 0 1 12.0 ||164 120 黎立才 广西 0 12 0 0 1 0 0 1 12.0 ||164 165 卢冠林 高州 0 12 0 0 1 0 0 1 12.0 ||168 94 罗振恒 容桂 0 11 0 0 1 0 0 1 11.0 ||168 134 卢冠任 高州 0 11 0 0 1 0 0 1 11.0 ||168 182 何家钧 三水西南 0 11 0 0 1 0 0 1 11.0 ||171 1 邓其星 广州花都 0 10 0 0 1 0 0 1 10.0 ||171 38 梁胜泉 鸿基礼堂椅 0 10 0 0 1 0 0 1 10.0 ||171 41 林宇辉 广西 0 10 0 0 1 0 0 1 10.0 ||171 67 陈红标 高州 0 10 0 0 1 0 0 1 10.0 ||171 128 袁泽堂 中山 0 10 0 0 1 0 0 1 10.0 ||171 176 张亮 梅州 0 10 0 0 1 0 0 1 10.0 ||177 5 洪家旋 阳江 0 9 0 0 1 0 0 1 9.0 ||177 73 吴学东 容桂 0 9 0 0 1 0 0 1 9.0 ||177 103 郭锐 容桂 0 9 0 0 1 0 0 1 9.0 ||177 123 罗卓彬 坦田小学 0 9 0 0 1 0 0 1 9.0 ||177 142 叶允 肇庆 0 9 0 0 1 0 0 1 9.0 ||177 152 蔡鑑明 龙江 0 9 0 0 1 0 0 1 9.0 ||177 190 肖程承 清远 0 9 0 0 1 0 0 1 9.0 ||184 18 梁牛根 龙江 0 8 0 0 1 0 0 1 8.0 ||184 52 郭小麟 连州 0 8 0 0 1 0 0 1 8.0 ||184 97 陈球 阳江 0 8 0 0 1 0 0 1 8.0 ||187 69 魏少锋 清远 0 7 0 0 1 0 0 1 7.0 ||187 100 顾曙春 阳江 0 7 0 0 1 0 0 1 7.0 ||187 174 黎寿山 龙江 0 7 0 0 1 0 0 1 7.0 ||190 102 陈旭升 广州 0 6 0 0 1 0 0 1 6.0 ||191 57 何伟淦 容桂 0 0 0 0 1 0 0 0 0.0 ||191 58 李勇勇 南海 0 0 0 0 1 0 0 0 0.0 ||191 171 黄晋 广州 0 0 0 0 1 0 0 0 0.0 ||191 172 刘翔 坦田小学 0 0 0 0 1 0 0 0 0.0[/DhtmlXQ_comment1]
[DhtmlXQ_type]实战全局/开局[/DhtmlXQ_type]
[DhtmlXQ_timerule]10分包干[/DhtmlXQ_timerule]
[DhtmlXQ_endtype][/DhtmlXQ_endtype]
[DhtmlXQ_owner][/DhtmlXQ_owner]
[DhtmlXQ_firstnum]0[/DhtmlXQ_firstnum]
[DhtmlXQ_gametype]慢棋[/DhtmlXQ_gametype]
[DhtmlXQ_generator]www.ccbridge.net[/DhtmlXQ_generator]
[DhtmlXQ_gamepreview]bb8d481acf91.png[/DhtmlXQ_gamepreview]
[/DhtmlXQ]


