[DhtmlXQ]
[DhtmlXQ_ver]www_vietcotuong_com[/DhtmlXQ_ver]
[DhtmlXQ_init]500,350[/DhtmlXQ_init]
[DhtmlXQ_title]1轮2 黑龙江 王琳娜 先胜 江苏棋院 董毓男[/DhtmlXQ_title]
[DhtmlXQ_event]2015年天龙立醒杯全国象棋个人赛女子组[/DhtmlXQ_event]
[DhtmlXQ_date]2015-11-24[/DhtmlXQ_date]
[DhtmlXQ_place]湖南省长沙市长沙联诚华天大酒店[/DhtmlXQ_place]
[DhtmlXQ_round][/DhtmlXQ_round]
[DhtmlXQ_table][/DhtmlXQ_table]
[DhtmlXQ_red]王琳娜[/DhtmlXQ_red]
[DhtmlXQ_redteam][/DhtmlXQ_redteam]
[DhtmlXQ_redrating][/DhtmlXQ_redrating]
[DhtmlXQ_blacktime][/DhtmlXQ_time]
[DhtmlXQ_black]董毓男[/DhtmlXQ_black]
[DhtmlXQ_blackteam][/DhtmlXQ_blackteam]
[DhtmlXQ_blackrating][/DhtmlXQ_blackrating]
[DhtmlXQ_blacktime][/DhtmlXQ_time]
[DhtmlXQ_result]红胜[/DhtmlXQ_result]
[DhtmlXQ_open]A28 飞相转屏风马对左中炮[/DhtmlXQ_open]
[DhtmlXQ_remark][/DhtmlXQ_remark]
[DhtmlXQ_author][/DhtmlXQ_author]
[DhtmlXQ_binit]0919293949596979891777062646668600102030405060708012720323436383[/DhtmlXQ_binit]
[DhtmlXQ_movelist]69477242796770628979807019271232091910026665001077761014171570746775745459480304756323247666322265645456634220426662226279731413738362618385612115162126060542640504565216061319271902231907263685353616351516361513234413435242433342323332443207283634281664420403346416353041355441305433504146456463030232130212405006005051006051506070[/DhtmlXQ_movelist]
[DhtmlXQ_comment0]女子排名	编号	姓名	单位	总分	对手分	胜数	犯规	后手数	胜率	出场	胜	平	负	称号	等级分	备注	||1	7	陈幸琳	广东碧桂园象棋队	16	143	5	0	5	72.73	11	5	6	0	大师	2425||2	20	唐思楠	浙江省非奥中心象棋队	15	147	4	0	6	68.18	11	4	7	0	大师	2331||3	3	王琳娜	黑龙江省棋牌中心	15	141	4	0	5	68.18	11	4	7	0	特大	2479||4	27	玉思源	中国棋院杭州分院	15	135	5	0	5	68.18	11	5	5	1	大师	2288||5	2	唐　丹	北京威凯建设队	14	144	5	0	5	63.64	11	5	4	2	特大	2517||6	13	刘　欢	北京威凯建设队	14	140	6	0	5	63.64	11	6	2	3	大师	2391||7	43	左文静	湖北光谷象棋队	14	136	4	0	6	63.64	11	4	6	1	大师	2334||8	6	赵冠芳	云南省棋牌中心	14	135	4	0	5	63.64	11	4	6	1	特大	2436||9	29	梁妍婷	成都瀛嘉象棋队	14	124	5	0	5	63.64	11	5	4	2	大师	2280||10	10	陈丽淳	广东碧桂园象棋队	13	145	4	0	6	59.09	11	4	5	2	特大	2407||11	25	时凤兰	广东碧桂园象棋队	13	136	3	0	5	59.09	11	3	7	1	大师	2290||12	9	宋晓琬	北京威凯建设队	13	122	4	0	5	59.09	11	4	5	2		2100||13	12	吴可欣	浙江省非奥中心象棋队	12	140	4	0	6	54.55	11	4	4	3	大师	2394||14	21	陈青婷	浙江省非奥中心象棋队	12	136	3	0	5	54.55	11	3	6	2	大师	2324||15	4	董毓男	江苏棋院	12	133	4	0	5	54.55	11	4	4	3		2100||16	26	邵如凌冰	中国棋院杭州分院	12	129	4	0	5	54.55	11	4	4	3		0||17	11	黄蕾蕾	浙江省非奥中心象棋队	12	126	4	0	5	54.55	11	4	4	3		2100||18	24	刘　钰	河北金环建设队	12	123	3	0	6	54.55	11	3	6	2	大师	2312||19	36	安　娜	广东碧桂园象棋队	12	119	2	0	5	54.55	11	2	8	1	大师	2237||20	18	王　铿	浙江省非奥中心象棋队	12	118	4	0	6	54.55	11	4	4	3	大师	2156||21	17	陈雅文	湖北光谷象棋队	12	117	5	0	6	54.55	11	5	2	4		2100||22	34	林延秋	湖北光谷象棋队	12	111	4	0	6	54.55	11	4	4	3	大师	2241||23	1	沈思凡	中国棋院杭州分院	11	132	3	0	5	50	11	3	5	3		2100||24	42	陈苏怡	江苏棋院	11	124	3	0	6	50	11	3	5	3		2180||25	14	王子涵	河北金环建设队	11	120	5	0	6	50	11	5	1	5		0||26	15	张婷婷	河北金环建设队	10	135	2	0	5	45.45	11	2	6	3	大师	2340||27	31	万　春	浙江省非奥中心象棋队	10	131	4	0	5	45.45	11	4	2	5	大师	2266||28	16	郎祺琪	成都瀛嘉象棋队	10	124	3	0	6	45.45	11	3	4	4		2100||29	35	张玄弈	中国棋院杭州分院	10	123	2	0	6	45.45	11	2	6	3		2100||30	33	季　洁	江苏棋院	10	121	2	0	5	45.45	11	2	6	3		2100||31	19	董嘉琦	上海金外滩队	10	114	3	0	5	45.45	11	3	4	4		2100||32	22	李越川	贵州省队	10	111	3	0	7	45.45	11	3	4	4		2100||33	38	孙　文	云南省棋牌中心	10	111	2	0	6	45.45	11	2	6	3	大师	2233||34	40	王　晴	中国棋院杭州分院	10	108	3	0	5	45.45	11	3	4	4	大师	2222||35	23	武文慧	内蒙古队	10	103	4	0	5	45.45	11	4	2	5		2100||36	39	陶亭羽	江苏棋院	9	116	3	0	6	40.91	11	3	3	5		2100||37	30	刘永寰	山东省队	9	110	4	0	6	40.91	11	4	1	6		2100||38	28	张晋婕	河北金环建设队	9	104	4	0	6	40.91	11	4	1	6		0||39	8	张筱笛	宁夏队	9	98	3	0	6	40.91	11	3	3	5		2100||40	37	郭　?h	江西省队	8	94	3	0	6	36.36	11	3	2	6		2100||41	41	张婉昱	河南省队	7	98	2	0	5	31.82	11	2	3	6		0||42	32	姜　?r	黑龙江省棋牌中心	6	94	2	0	6	27.27	11	2	2	7		2100||43	5	周章筱	湖南天龙制药队	4	99	1	0	5	18.18	11	1	2	8		0[/DhtmlXQ_comment0]
[DhtmlXQ_type]实战全局/开局[/DhtmlXQ_type]
[DhtmlXQ_timerule]50+30[/DhtmlXQ_timerule]
[DhtmlXQ_endtype][/DhtmlXQ_endtype]
[DhtmlXQ_owner][/DhtmlXQ_owner]
[DhtmlXQ_firstnum]0[/DhtmlXQ_firstnum]
[DhtmlXQ_gametype][/DhtmlXQ_gametype]
[DhtmlXQ_generator]www.ccbridge.net[/DhtmlXQ_generator]
[DhtmlXQ_gamepreview]22c4afc9cd6e.png[/DhtmlXQ_gamepreview]
[/DhtmlXQ]


