[DhtmlXQ]
[DhtmlXQ_ver]www_vietcotuong_com[/DhtmlXQ_ver]
[DhtmlXQ_init]500,350[/DhtmlXQ_init]
[DhtmlXQ_title]第01轮-第16台-山东-徐勤华-先胜-深圳-林玉成[/DhtmlXQ_title]
[DhtmlXQ_event]2016年第07届杨官璘杯全国象棋公开赛公开组预赛[/DhtmlXQ_event]
[DhtmlXQ_date]2016-06-11[/DhtmlXQ_date]
[DhtmlXQ_place]东莞市凤岗镇[/DhtmlXQ_place]
[DhtmlXQ_round][/DhtmlXQ_round]
[DhtmlXQ_table][/DhtmlXQ_table]
[DhtmlXQ_red]徐勤华[/DhtmlXQ_red]
[DhtmlXQ_redteam][/DhtmlXQ_redteam]
[DhtmlXQ_redrating][/DhtmlXQ_redrating]
[DhtmlXQ_blacktime][/DhtmlXQ_time]
[DhtmlXQ_black]林玉成[/DhtmlXQ_black]
[DhtmlXQ_blackteam][/DhtmlXQ_blackteam]
[DhtmlXQ_blackrating][/DhtmlXQ_blackrating]
[DhtmlXQ_blacktime][/DhtmlXQ_time]
[DhtmlXQ_result]红胜[/DhtmlXQ_result]
[DhtmlXQ_open]E07 仙人指路互进右马局[/DhtmlXQ_open]
[DhtmlXQ_remark][/DhtmlXQ_remark]
[DhtmlXQ_author][/DhtmlXQ_author]
[DhtmlXQ_binit]0919293949596979891777062646668600102030405060708012720323436383[/DhtmlXQ_binit]
[DhtmlXQ_movelist]66651022796700012947604219387051898801312625806017276364091912023857313665646064576572768858513259485041675536467767766658573244553446066544644434226662221002326763066663233235575535456987664687696272495972796987464719164548167648687670686010027971[/DhtmlXQ_movelist]
[DhtmlXQ_comment0] 2016第7届杨官?U杯公开组预赛 棋手排名||排名	编号	姓名	单位	总分	对手分	胜数	犯规	直胜	后手数	胜率	出场	胜	平	负	称号	等级分		||1	41	陈柳刚	贵州	18	154	7	0	0	5	81.82	11	7	4	0		0			||2	190	蔡佑广	佛山	17	161	6	0	0	5	77.27	11	6	5	0		0			||3	119	王　昊	天津	17	160	8	0	0	5	77.27	11	8	1	2		2430			||4	46	王　清	湖南	17	151	7	0	0	6	77.27	11	7	3	1		0			||5	148	刘立山	茂名	17	150	6	0	0	5	77.27	11	6	5	0		0			||6	114	林辉宇	广西	17	147	8	0	0	5	77.27	11	8	1	2		0			||7	200	黎德志	广州	16	149	7	0	0	6	72.73	11	7	2	2		2446			||8	47	吴亚利	深圳	16	147	8	0	0	5	72.73	11	8	0	3		0			||9	167	陈红标	茂名	16	147	6	0	0	6	72.73	11	6	4	1		0			||10	185	陈茂顺	江西	16	143	7	0	0	6	72.73	11	7	2	2		0			||11	51	李炳贤	浙江	16	140	6	0	0	6	72.73	11	6	4	1		2347			||12	64	万　科	湖北	16	139	7	0	0	5	72.73	11	7	2	2		0			||13	118	邓家荣	阳江	16	129	7	0	0	5	72.73	11	7	2	2		0			||14	125	周　涛	北京	15	157	6	0	0	5	68.18	11	6	3	2		0			||15	18	刘宗泽	湖北	15	151	6	0	0	5	68.18	11	6	3	2		0			||16	130	姚洪新	河南	15	147	5	0	0	5	68.18	11	5	5	1		2473			||17	134	孙昕昊	浙江	15	145	6	0	0	6	68.18	11	6	3	2		0			||18	133	张泽海	辽宁	15	143	7	0	0	5	68.18	11	7	1	3		0			||19	145	李立军	惠州	15	141	7	0	0	5	68.18	11	7	1	3		0			||20	28	向有权	湖南	15	135	6	0	0	5	68.18	11	6	3	2		0			||21	52	李　禹	广州	14	161	5	0	0	5	63.64	11	5	4	2		0			||22	123	徐　昊	河北	14	154	4	0	0	6	63.64	11	4	6	1		0			||23	4	贺　进	湖北	14	150	6	0	0	5	63.64	11	6	2	3		0			||24	173	黄文俊	广州	14	149	5	0	0	5	63.64	11	5	4	2		0			||25	193	黎　铎	阳江	14	148	5	0	0	5	63.64	11	5	4	2		0			||26	139	王华章	湖北	14	148	4	0	0	6	63.64	11	4	6	1		0			||27	170	梁运龙	凤岗	14	147	5	0	0	5	63.64	11	5	4	2		0			||28	79	黄光颖	广州	14	146	6	0	0	6	63.64	11	6	2	3		2450			||29	3	林进春	长安	14	144	4	0	0	6	63.64	11	4	6	1		0			||30	142	任福俊	山东	14	140	6	0	1	6	63.64	11	6	2	3		0			||31	160	谭琳琳	广州	14	140	6	0	1	5	63.64	11	6	2	3		0			||32	61	李　进	惠州	14	139	5	0	0	5	63.64	11	5	4	2		0			||33	115	程宇东	广州	14	139	4	0	0	5	63.64	11	4	6	1		0			||34	171	冯明光	广西	14	138	6	0	0	6	63.64	11	6	2	3		0			||35	22	陈树雄	汕头	14	137	6	0	0	6	63.64	11	6	2	3		0			||36	2	孔令义	湖北	14	134	5	0	0	6	63.64	11	5	4	2		0			||37	154	刘　征	北京	14	132	4	0	0	6	63.64	11	4	6	1		0			||38	69	田长兴	北京	14	131	7	0	0	5	63.64	11	7	0	4		0			||39	99	李锦雄	梅州	14	130	6	0	0	6	63.64	11	6	2	3		0			||40	50	曹鸿均	黑龙江	14	129	6	0	1	6	63.64	11	6	2	3		0			||41	67	罗　鼎	湖南	14	129	6	0	1	5	63.64	11	6	2	3		0			||42	96	曾　琦	湖南	14	128	6	0	0	5	63.64	11	6	2	3		0			||43	179	伍世钦	凤岗	14	124	6	0	0	6	63.64	11	6	2	3		0			||44	71	莫伟明	清远	14	123	6	0	0	6	63.64	11	6	2	3		0			||45	120	李家林	中山	14	120	7	1	0	5	63.64	11	7	0	4		0			||46	10	何嘉诚	清远	14	120	6	0	0	6	63.64	11	6	2	3		0			||47	141	范　磊	辽宁	13	149	4	0	0	6	59.09	11	4	5	2		0			||48	192	黄嘉亮	广州	13	138	6	0	0	6	59.09	11	6	1	4		0			||49	6	方招圣	江西	13	137	5	0	0	6	59.09	11	5	3	3		0			||50	75	孙宏伟	黑龙江	13	135	6	0	0	6	59.09	11	6	1	4		0			||51	49	罗远正	广西	13	135	5	0	0	6	59.09	11	5	3	3		0			||52	182	钱　君	连州	13	134	6	1	0	6	59.09	11	6	1	4		0			||53	92	冯家国	湖北	13	133	5	0	0	6	59.09	11	5	3	3		0			||54	187	张　都	湖南	13	131	6	0	0	6	59.09	11	6	1	4		0			||55	156	王文志	湖北	13	130	6	0	0	5	59.09	11	6	1	4		0			||56	16	何伟宁	黑龙江	13	130	5	0	0	5	59.09	11	5	3	3		0			||57	97	周新平	珠海	13	129	6	0	0	5	59.09	11	6	1	4		0			||58	33	黄惠权	茂名	13	127	6	0	0	5	59.09	11	6	1	4		0			||59	84	石教才	湖北	13	127	5	0	0	5	59.09	11	5	3	3		0			||60	58	黄长青	汕头	13	125	5	1	0	6	59.09	11	5	3	3		0			||61	1	黄耀东	广州	13	124	5	0	0	5	59.09	11	5	3	3		0			||62	27	王少生	上海	13	123	6	0	0	6	59.09	11	6	1	4		0			||63	149	刘云达	湖南	13	122	6	0	0	5	59.09	11	6	1	4		0			||64	176	廖　威	湖北	13	105	5	0	0	5	59.09	11	5	3	3		0			||65	19	黄　鑫	湖南	12	152	6	1	0	6	54.55	11	6	0	5		0			||66	55	梁　林	湖南	12	150	5	0	0	6	54.55	11	5	2	4		0			||67	152	朱少钧	韶关	12	146	5	0	0	5	54.55	11	5	2	4		0			||68	86	李建鄂	湖北	12	136	5	0	0	6	54.55	11	5	2	4		0			||69	158	陈文林	四川	12	135	6	0	0	5	54.55	11	6	0	5		0			||70	181	王　冬	湖南	12	134	5	0	0	5	54.55	11	5	2	4		0			||71	127	李可东	广州	12	131	5	0	0	6	54.55	11	5	2	4		0			||72	131	占齐红	湖北	12	126	5	0	0	5	54.55	11	5	2	4		0			||73	108	何　媛	韶关（女）	12	123	4	0	0	5	54.55	11	4	4	3		0			||74	113	恽伟光	上海	12	122	6	0	0	5	54.55	11	6	0	5		0			||75	161	林进明	长安	12	121	5	0	0	6	54.55	11	5	2	4		0			||76	172	张梓恒	清远	12	118	6	1	0	5	54.55	11	6	0	5		0			||77	155	郭绮航	中山	12	118	5	0	0	6	54.55	11	5	2	4		0			||78	197	江润发	江西	12	118	4	0	0	5	54.55	11	4	4	3		0			||79	85	何耿丹	揭阳	12	116	5	0	0	5	54.55	11	5	2	4		0			||80	54	刘小敏	江西	12	111	5	0	0	6	54.55	11	5	2	4		0			||81	189	刘　东	内蒙古	12	109	6	0	0	5	54.55	11	6	0	5		0			||82	56	周培焯	中山	12	107	5	0	1	5	54.55	11	5	2	4		0			||82	81	吴辟峰	东莞	12	107	5	0	1	5	54.55	11	5	2	4		0			||84	44	黄伟华	珠海	11	142	5	0	0	5	50	11	5	1	5		0			||85	59	张　铭	长安	11	137	5	0	0	6	50	11	5	1	5		0			||86	116	赵?D鹤	浙江	11	133	4	0	0	6	50	11	4	3	4	大师	0			||87	45	张柏阳	天津	11	133	4	1	0	5	50	11	4	3	4		0			||88	98	袁大红	湖北	11	130	4	0	0	6	50	11	4	3	4		0			||89	11	李泓然	黑龙江	11	129	5	0	0	6	50	11	5	1	5		0			||90	107	李越川	山东（女）	11	129	3	0	0	6	50	11	3	5	3		2175			||91	201	吕胜利	湖北	11	128	4	0	0	6	50	11	4	3	4		0			||92	63	戴　金	湖南	11	127	2	0	0	6	50	11	2	7	2		0			||93	43	尹科才	湖北	11	125	5	0	1	6	50	11	5	1	5		0			||94	93	唐惠才	中山	11	125	5	0	1	5	50	11	5	1	5		0			||95	53	李　巍	河北	11	122	4	0	0	5	50	11	4	3	4		0			||96	72	朱　罔	广西	11	122	4	1	0	5	50	11	4	3	4		0			||97	153	林　敬	福建	11	122	3	0	0	6	50	11	3	5	3		0			||98	180	阮飞龙	湖北	11	121	4	1	0	6	50	11	4	3	4		0			||99	146	李小刚	湖北	11	121	3	0	0	5	50	11	3	5	3		0			||100	159	唐中平	广西	11	119	4	0	0	6	50	11	4	3	4		0			||101	40	杨小平	广西	11	118	5	0	0	5	50	11	5	1	5		0			||102	163	高伟昌	珠海	11	117	5	0	0	5	50	11	5	1	5		0			||103	30	孟利春	湖南	11	116	4	0	0	6	50	11	4	3	4		0			||104	88	彭　博	湖南	11	115	3	0	0	5	50	11	3	5	3		0			||105	132	李春红	东莞	11	114	5	1	0	5	50	11	5	1	5		0			||106	42	罗春阳	辽宁	11	113	5	0	1	6	50	11	5	1	5		0			||107	104	高家煊	浙江（女）	11	113	5	0	1	5	50	11	5	1	5		0			||108	106	丁跃辉	湖南	11	113	4	0	0	6	50	11	4	3	4		0			||109	74	陈卫民	湖南	11	112	4	0	0	6	50	11	4	3	4		0			||110	34	谭胜利	湖南	11	112	3	0	0	6	50	11	3	5	3		0			||111	191	万智勇	湖北	11	111	4	0	0	6	50	11	4	3	4		0			||112	25	肖强亮	湖南	11	108	4	0	0	5	50	11	4	3	4		0			||113	36	游炎华	湖北	11	107	4	0	0	5	50	11	4	3	4		0			||114	7	杜成俊	湖北	11	103	5	0	0	6	50	11	5	1	5		0			||115	57	彭书斌	湖北	11	83	5	0	0	5	50	11	5	1	5		0			||116	164	汪祖文	湖北	10	137	4	0	0	6	45.45	11	4	2	5		0			||117	151	黎树坚	广西	10	137	3	0	0	6	45.45	11	3	4	4		0			||118	147	华显军	贵州	10	129	4	0	0	6	45.45	11	4	2	5		0			||119	5	梁远航	阳江	10	124	4	0	0	5	45.45	11	4	2	5		0			||120	157	郑利清	潮州	10	121	3	0	0	5	45.45	11	3	4	4		0			||121	12	王未希	广西	10	118	4	0	0	5	45.45	11	4	2	5		0			||122	32	徐勤华	山东	10	116	2	0	0	5	45.45	11	2	6	3		0			||123	95	蔡礼贤	广州	10	115	4	0	1	6	45.45	11	4	2	5		0			||124	136	周开生	湖南	10	115	4	0	1	5	45.45	11	4	2	5		0			||124	17	吴彭生	广州	10	115	4	0	1	5	45.45	11	4	2	5		0			||126	83	方达平	惠州	10	115	3	1	0	6	45.45	11	3	4	4		0			||127	82	杨世辉	贵州	10	114	5	0	0	6	45.45	11	5	0	6		0			||128	87	常　理	广州	10	114	4	0	0	6	45.45	11	4	2	5		0			||129	195	杨汉区	东莞	10	111	4	0	0	6	45.45	11	4	2	5		0			||130	14	邓元付	湖南	10	109	3	0	0	6	45.45	11	3	4	4		0			||131	91	梁伟聪	肇庆	10	107	4	0	0	6	45.45	11	4	2	5		0			||132	199	胡唯有	湖南	10	106	4	0	1	6	45.45	11	4	2	5		0			||132	186	梁浩榆	东莞	10	106	4	0	1	6	45.45	11	4	2	5		0			||134	126	戴　腾	湖北	10	104	4	0	0	5	45.45	11	4	2	5		0			||135	184	石　?B	长安	10	89	4	0	0	6	45.45	11	4	2	5		0			||136	9	李　峰	湖南	9	131	4	0	0	5	40.91	11	4	1	6		0			||137	15	彭章兵	湖北	9	123	2	0	0	6	40.91	11	2	5	4		0			||138	188	曾钰霖	深圳	9	122	3	0	1	5	40.91	11	3	3	5		0			||138	37	黄永云	惠州	9	122	3	0	1	5	40.91	11	3	3	5		0			||140	23	洪飞展	福建	9	117	3	0	0	6	40.91	11	3	3	5		0			||141	165	沈天培	深圳	9	117	2	0	0	5	40.91	11	2	5	4		0			||142	140	张艺潇	深圳	9	116	3	0	0	6	40.91	11	3	3	5		0			||143	138	方达鹏	惠州	9	116	2	0	0	6	40.91	11	2	5	4		0			||144	102	张雨虹	北京（女）	9	114	4	0	0	6	40.91	11	4	1	6		0			||145	31	林玉成	深圳	9	113	4	1	0	6	40.91	11	4	1	6		0			||146	183	张洪培	广西	9	113	3	0	0	6	40.91	11	3	3	5		0			||147	73	彭当益	湖北	9	112	1	0	0	5	40.91	11	1	7	3		0			||148	174	高鼎峰	安徽	9	109	4	1	0	5	40.91	11	4	1	6		0			||149	66	伍光华	云南	9	107	3	0	0	6	40.91	11	3	3	5		0			||150	111	张　飞	湖南	9	106	4	0	0	6	40.91	11	4	1	6		0			||151	124	王新润	湖北	9	105	4	0	1	5	40.91	11	4	1	6		0			||151	20	凌志鹏	梅州	9	105	4	0	1	5	40.91	11	4	1	6		0			||153	48	杨新华	广西	9	104	3	0	0	4	50	9	3	3	3		0			||154	194	王仁军	广西	9	103	4	0	0	5	40.91	11	4	1	6		0			||155	137	吴家德	广西	9	102	3	0	0	5	40.91	11	3	3	5		0			||156	80	段文晗	湖南	9	98	4	0	0	5	40.91	11	4	1	6		0			||157	60	乐向田	贵州	9	97	4	0	0	5	40.91	11	4	1	6		0			||158	128	龙建中	湖南	9	89	4	0	0	5	40.91	11	4	1	6		0			||159	70	卢云其	江苏	9	87	4	0	1	6	40.91	11	4	1	6		0			||160	112	童明杰	四川	9	87	4	0	1	5	40.91	11	4	1	6		0			||161	90	劳德政	广西	8	126	4	0	0	6	36.36	11	4	0	7		0			||162	29	叶生洪	广州	8	112	3	0	0	5	36.36	11	3	2	6		0			||163	169	王岳平	浙江	8	109	3	0	0	5	36.36	11	3	2	6		0			||164	117	张　涛	湖北	8	109	3	1	0	5	36.36	11	3	2	6		0			||165	105	鹿小兵	山西	8	105	3	1	0	5	36.36	11	3	2	6		0			||166	35	谭武能	韶关	8	103	4	0	0	6	36.36	11	4	0	7		0			||167	13	阳成语	珠海	8	92	3	0	0	5	36.36	11	3	2	6		0			||168	144	孙　伟	湖南	8	91	3	0	0	5	36.36	11	3	2	6		0			||169	103	何含露	广州（女）	8	88	2	0	0	6	36.36	11	2	4	5		0			||170	109	郑雅琪	凤岗（女）	8	85	3	0	0	6	36.36	11	3	2	6		0			||171	21	刘遵全	黑龙江	7	112	2	0	0	5	31.82	11	2	3	6		0			||172	168	王新华	湖北	7	107	3	0	0	5	31.82	11	3	1	7		0			||173	135	刘隽谦	中山	7	106	3	0	0	5	31.82	11	3	1	7		0			||174	24	罗振远	河南	7	105	3	0	0	5	31.82	11	3	1	7		0			||175	121	谢启文	凤岗	7	102	3	0	0	5	31.82	11	3	1	7		0			||176	39	曾俊威	凤岗	7	102	2	0	0	6	31.82	11	2	3	6		0			||177	38	郭跃杰	福建	7	101	3	0	0	6	31.82	11	3	1	7		0			||178	166	袁卫东	湖南	7	98	1	0	0	6	31.82	11	1	5	5		0			||179	78	闵斌桥	湖北	7	97	3	0	0	6	31.82	11	3	1	7		0			||180	178	罗海明	湖南	7	96	3	0	0	6	31.82	11	3	1	7		0			||181	89	万其毅	深圳	7	79	3	0	0	5	31.82	11	3	1	7		0			||182	101	陈婉欣	凤岗（女）	6	98	2	0	0	5	27.27	11	2	2	7		0			||183	100	陈文安	浙江	6	93	3	0	0	6	27.27	11	3	0	8		0			||184	177	郑镇宏	汕头	6	91	3	0	0	6	27.27	11	3	0	8		0			||185	198	黄少成	揭阳	6	84	3	0	0	6	27.27	11	3	0	8		0			||186	26	林煜佳	凤岗	6	80	2	0	0	6	27.27	11	2	2	7		0			||187	175	罗勇杰	珠海	6	74	2	0	0	6	27.27	11	2	2	7		0			||188	8	李庆和	凤岗	4	99	1	0	0	5	18.18	11	1	2	8		0			||189	68	邓博元	凤岗	4	93	2	0	0	6	18.18	11	2	0	9		0			||190	196	张庆华	陕西	4	86	1	0	0	5	22.22	9	1	2	6		0			||191	129	林　军	湖南	2	61	1	0	0	3	16.67	6	1	0	5		0			||192	110	唐　飞	安徽	2	58	1	0	0	3	16.67	6	1	0	5		0			||193	143	郭志棠	广州	2	51	1	0	0	4	16.67	6	1	0	5		0			||194	94	陈善品	湖南	1	64	0	0	0	4	5.56	9	0	1	7		0			||195	122	彭元发	江西	1	62	0	0	0	5	5.56	9	0	1	7		0			||196	65	向　军	河南	0	43	0	0	0	3	0	6	0	0	6		0			||197	62	康来春	福建	0	24	0	0	0	1	0	2	0	0	2		0			||198	202	陈志华	茂名	0	23	0	0	0	1	0	2	0	0	2		0			||199	162	徐春华	广西	0	21	0	0	0	1	0	2	0	0	2		0			||200	150	张程琳	河南	0	19	0	0	0	1	0	2	0	0	2		0			||201	76	徐小苟	广西	0	13	0	0	0	0	0	2	0	0	1		0			||202	77	郑云学	凤岗	0	7	0	0	0	0	0	2	0	0	1		0[/DhtmlXQ_comment0]
[DhtmlXQ_comment1]第七届“杨官璘杯”全国象棋公开赛||（公开组）预赛竞赛规程|| 一、主办单位||中国象棋协会、广东省棋牌项目管理中心、东莞市体育总会||二、承办单位||东莞市凤岗镇人民政府||三、竞赛时间和地点||2016年8月11日—8月14日，在东莞市凤岗镇体育馆（杨官璘象棋馆）举行。||四、竞赛项目：男女混合个人赛。||五、参赛资格||（一）未获得“象棋大师”（含）以上称号的选手。||（二）身体健康适合该项运动、有合法身份证明（身份证）的象棋爱好者。||六、竞赛办法||（一）执行最新《象棋竞赛规则》（2011）。||（二）比赛时限：单方45分钟，每步棋加5秒。||（三）采用十一轮电脑积分编排。||（四）积分相同则按以下顺序区分：对手分、胜局、犯规、直胜、后走局数。如无法区分，则比较前一轮成绩，以此类推，直至区分。||七、参赛办法||    （一）报名时间：即日起至2016年8月5日。||（二）参赛棋手自由报名，报名费100元，保证金100元。赛后确认参加公开赛的前50名棋手，于公开赛结束后退还保证金，其他棋手保证金比赛结束后退还。||（三）参赛棋手须把报名费、保证金共200元汇到指定帐号，汇款帐号：6217003230019044761，户名：高铭键||开户行：中国建设银行（凤岗支行），也可以微信转帐，微信号：17722382219 (报名成功以收到汇款为准,汇款后发短信确认，注明参赛棋手姓名和省区)||（四）参赛棋手报到时请携带本人身份证，否则报名无效。||（五）联系人：高铭建17722382219 谢启文13428432169||八、录取名次及奖励||（一）前50名棋手获得参加第七届“杨官璘杯”全国象棋公开赛的资格，不可重复报名或变更组别参赛。||（二）奖励：第一名5000元、第二名3000元、第三名1500元、第四名1000元、第五名800元、第六名600元、第七、八名各500元、第九至二十名各300元。||（三）男、女前6名且具有“三级运动员”（含）以上或“棋协大师”技术等级称号的棋手将获得参加2016年全国象棋锦标赛（个人）乙组参赛资格，该资格不顺延。||九、报到时间、地点||时间：2016年8月10日9：00—18：00||地点：东莞市凤岗镇体育馆[/DhtmlXQ_comment1]
[DhtmlXQ_type]实战全局/开局[/DhtmlXQ_type]
[DhtmlXQ_timerule]45+5[/DhtmlXQ_timerule]
[DhtmlXQ_endtype][/DhtmlXQ_endtype]
[DhtmlXQ_owner][/DhtmlXQ_owner]
[DhtmlXQ_firstnum]0[/DhtmlXQ_firstnum]
[DhtmlXQ_gametype][/DhtmlXQ_gametype]
[DhtmlXQ_generator]www.chasoft.net[/DhtmlXQ_generator]
[DhtmlXQ_gamepreview]cf27805af5fc.png[/DhtmlXQ_gamepreview]
[/DhtmlXQ]


