[DhtmlXQ]
[DhtmlXQ_ver]www_vietcotuong_com[/DhtmlXQ_ver]
[DhtmlXQ_init]500,350[/DhtmlXQ_init]
[DhtmlXQ_title]第11轮 第12台 四川 张春燕 先胜 新疆 连泽特[/DhtmlXQ_title]
[DhtmlXQ_event]2014年05月四川成都“惠丰杯”街子古镇象棋公开赛[/DhtmlXQ_event]
[DhtmlXQ_date]2014年05月07日[/DhtmlXQ_date]
[DhtmlXQ_place]成都崇州市街子古镇惠丰酒店[/DhtmlXQ_place]
[DhtmlXQ_round][/DhtmlXQ_round]
[DhtmlXQ_table][/DhtmlXQ_table]
[DhtmlXQ_red]张春燕[/DhtmlXQ_red]
[DhtmlXQ_redteam][/DhtmlXQ_redteam]
[DhtmlXQ_redrating][/DhtmlXQ_redrating]
[DhtmlXQ_blacktime][/DhtmlXQ_time]
[DhtmlXQ_black]连泽特[/DhtmlXQ_black]
[DhtmlXQ_blackteam][/DhtmlXQ_blackteam]
[DhtmlXQ_blackrating][/DhtmlXQ_blackrating]
[DhtmlXQ_blacktime][/DhtmlXQ_time]
[DhtmlXQ_result]红胜[/DhtmlXQ_result]
[DhtmlXQ_open]C19 中炮过河车左边马对屏风马[/DhtmlXQ_open]
[DhtmlXQ_remark][/DhtmlXQ_remark]
[DhtmlXQ_author][/DhtmlXQ_author]
[DhtmlXQ_binit]0919293949596979891777062646668600102030405060708012720323436383[/DhtmlXQ_binit]
[DhtmlXQ_movelist]77477062796780708979636479731022190762540908204208587252737052587078581878585435583835476947232459480304383530411737221466656465356500033734142234740313740413172625221425241406040006270010122210181718242322204837181439481464656442644645273523332022072622822634824234534202472540302947020353726442677530407554434445440306547506034443403072510301516301036355838455630305756735566384[/DhtmlXQ_movelist]
[DhtmlXQ_comment0]姓名	单位	总分	对手分	胜数	后手数	胜率	胜	平	负||李少庚	四川	18	156	7	5	81.82	7	4	0||武俊强	四川	17	162	7	5	77.27	7	3	1||曹岩磊	澳门	17	153	6	6	77.27	6	5	0||郑惟桐	四川	16	162	7	5	72.73	7	2	2||赵攀伟	四川	16	154	5	5	72.73	5	6	0||杨　辉	四川	16	153	7	6	72.73	7	2	2||宿少峰	内蒙	16	152	7	5	72.73	7	2	2||蔡佑广	广东	16	148	6	5	72.73	6	4	1||赵子雨	湖北	16	147	7	6	72.73	7	2	2||陈柳刚	贵州	16	146	7	6	72.73	7	2	2||侯文博	河北	16	146	6	5	72.73	6	4	1||张春燕	四川	15	144	6	6	68.18	6	3	2||郭凤达	浙江	15	139	6	5	68.18	6	3	2||田长兴	北京	15	139	5	5	68.18	5	5	1||彭　星	四川	15	135	6	6	68.18	6	3	2||李鸿嘉	广东	15	130	5	6	68.18	5	5	1||王　清	贵州	14	154	5	5	63.64	5	4	2||何文哲	浙江	14	153	6	6	63.64	6	2	3||孙浩宇	四川	14	153	5	6	63.64	5	4	2||刘　俊	四川	14	151	5	6	63.64	5	4	2||刘宗泽	湖北	14	151	5	5	63.64	5	4	2||王兴业	河南	14	148	5	6	63.64	5	4	2||黎德志	广东	14	142	4	6	63.64	4	6	1||张　彬	天津	14	141	5	5	63.64	5	4	2||许文章	四川	14	140	5	5	63.64	5	4	2||李炳贤	浙江	14	139	6	6	63.64	6	2	3||文向俊	四川	14	139	6	5	63.64	6	2	3||王晟强	四川	14	133	6	6	63.64	6	2	3||李金福	四川	14	133	5	5	63.64	5	4	2||张　欣	新疆	14	131	5	5	63.64	5	4	2||姚思平	四川	14	128	6	5	63.64	6	2	3||黄振华	四川	14	122	6	6	63.64	6	2	3||陈幸琳	广东	14	122	5	7	63.64	5	4	2||时凤兰	广东	14	121	5	6	63.64	5	4	2||王模型	四川	14	114	7	5	63.64	7	0	4||连泽特	新疆	13	152	4	6	59.09	4	5	2||刘亚南	四川	13	139	5	6	59.09	5	3	3||曾　军	四川	13	139	4	5	59.09	4	5	2||刘光善	四川	13	138	5	6	59.09	5	3	3||徐文俊	广东	13	133	6	5	59.09	6	1	4||李成之	四川	13	133	6	5	59.09	6	1	4||王勇军	四川	13	130	5	5	59.09	5	3	3||林建中	四川	13	128	6	5	59.09	6	1	4||孙永红	四川	13	128	5	6	59.09	5	3	3||唐世文	四川	13	125	5	5	59.09	5	3	3||冯金贵	四川	13	125	4	5	59.09	4	5	2||郑凌志	四川	13	124	5	5	59.09	5	3	3||黄　伟	重庆	13	115	6	5	59.09	6	1	4||任世洪	四川	13	113	5	5	59.09	5	3	3||杨泽恩	四川	13	102	6	6	59.09	6	1	4||严　勇	广东	12	142	4	6	54.55	4	4	3||苏明亮	四川	12	136	5	5	54.55	5	2	4||黄润怀	四川	12	135	6	5	54.55	6	0	5||梁　林	湖南	12	132	5	6	54.55	5	2	4||曾祥开	四川	12	132	4	5	54.55	4	4	3||王　春	四川	12	131	5	5	54.55	5	2	4||唐子龙	四川	12	131	3	5	54.55	3	6	2||陈恩红	湖南	12	129	4	6	54.55	4	4	3||朱廷富	四川	12	127	5	5	54.55	5	2	4||刘　蛟	四川	12	127	5	5	54.55	5	2	4||杨绍学	四川	12	125	6	6	54.55	6	0	5||王　强	四川	12	125	6	5	54.55	6	0	5||牛爱平	四川	12	125	4	6	54.55	4	4	3||张明中	四川	12	124	4	5	54.55	4	4	3||金　华	新疆	12	121	5	6	54.55	5	2	4||薛　飞	四川	12	121	3	6	54.55	3	6	2||雷隆云	四川	12	120	5	6	54.55	5	2	4||杨　旭	内蒙	12	119	6	6	54.55	6	0	5||林　军	个人	12	117	5	5	54.55	5	2	4||高　攀	四川	12	115	5	6	54.55	5	2	4||张　栋	四川	12	110	6	5	54.55	6	0	5||陈先和	四川	12	103	5	5	54.55	5	2	4||邹明勤	四川	12	101	6	5	54.55	6	0	5||洪亮德	四川	11	136	3	5	50	3	5	3||郑凌云	湖南	11	135	5	6	50	5	1	5||陈文林	四川	11	132	5	6	50	5	1	5||鲁　进	四川	11	132	5	5	50	5	1	5||徐树清	四川	11	129	5	6	50	5	1	5||梁妍婷	四川	11	129	4	5	50	4	3	4||李晓成	四川	11	124	3	6	50	3	5	3||杨佑林	四川	11	119	5	5	50	5	1	5||李泽贵	四川	11	115	4	6	50	4	3	4||米乾君	江西	11	114	5	4	50	5	1	5||赵修祥	四川	11	106	5	6	50	5	1	5||何孟常	四川	11	105	5	6	50	5	1	5||毕保元	山西	10	136	4	6	45.45	4	2	5||吴宗滋	广东	10	136	4	5	45.45	4	2	5||张华明	四川	10	133	4	6	45.45	4	2	5||弋川新	四川	10	126	4	5	45.45	4	2	5||白香述	四川	10	126	4	5	45.45	4	2	5||彭奕杰	四川	10	125	3	5	45.45	3	4	4||李旭峰	四川	10	122	3	6	45.45	3	4	4||钟　策	四川	10	121	4	5	45.45	4	2	5||邹　勇	四川	10	120	4	6	45.45	4	2	5||李　进	四川	10	119	4	6	45.45	4	2	5||舒　碧	湖南	10	118	4	5	45.45	4	2	5||唐德爱	个人	10	117	3	6	45.45	3	4	4||张雨豪	四川	10	116	4	5	45.45	4	2	5||许　向	四川	10	115	4	5	45.45	4	2	5||冉　鸿	四川	10	113	5	5	45.45	5	0	6||闵　仁	四川	10	112	5	6	45.45	5	0	6||付彦博	河北	10	112	3	5	45.45	3	4	4||杨祖奎	四川	10	110	3	5	45.45	3	4	4||彭　博	湖南	10	107	4	5	45.45	4	2	5||王其轩	四川	10	107	4	5	45.45	4	2	5||段文晗	湖南	10	105	4	5	45.45	4	2	5||宋友兵	个人	10	104	5	6	45.45	5	0	6||何芝友	四川	10	102	4	6	45.45	4	2	5||郎祺琪	四川	10	101	3	6	45.45	3	4	4||刘清山	四川	9	120	4	5	40.91	4	1	6||伍应国	四川	9	119	3	5	40.91	3	3	5||覃志兴	四川	9	118	3	6	40.91	3	3	5||付益民	重庆	9	117	4	6	40.91	4	1	6||刘拥军	四川	9	115	3	6	40.91	3	3	5||王积新	四川	9	112	3	6	40.91	3	3	5||刘　胜	四川	9	111	4	6	40.91	4	1	6||吴学良	个人	9	108	3	6	40.91	3	3	5||尹吕平	四川	9	107	3	5	40.91	3	3	5||童海平	四川	9	101	4	6	40.91	4	1	6||尹昌林	四川	9	98	3	5	40.91	3	3	5||王智健	四川	9	96	3	6	40.91	3	3	5||辜树明	四川	9	92	3	5	40.91	3	3	5||兰华年	四川	8	125	3	6	36.36	3	2	6||刘小敏	江西	8	124	3	6	36.36	3	2	6||陈　刚	四川	8	121	1	6	36.36	1	6	4||刘新节	四川	8	112	3	6	36.36	3	2	6||孟学仁	宁夏	8	109	4	6	36.36	4	0	7||赵　明	四川	8	109	4	6	36.36	4	0	7||熊学山	湖北	8	109	3	6	36.36	3	2	6||黄忠用	四川	8	109	2	5	36.36	2	4	5||赵建华	河南	8	108	2	5	36.36	2	4	5||杨广东	四川	8	107	3	5	36.36	3	2	6||甘庭东	个人	8	104	3	6	36.36	3	2	6||邓传礼	重庆	8	101	3	6	36.36	3	2	6||洪安林	四川	8	100	3	5	36.36	3	2	6||康启宗	台湾	8	95	3	6	36.36	3	2	6||高远奎	四川	8	89	3	5	36.36	3	2	6||王志标	四川	8	76	3	6	36.36	3	2	6||周荣高	个人	7	106	2	6	31.82	2	3	6||刘鹏飞	天津	7	106	2	6	31.82	2	3	6||熊纪明	四川	7	102	2	5	35	2	3	5||彭学敏	四川	7	99	3	5	35	3	1	6||张最忠	四川	7	99	2	6	31.82	2	3	6||吴宗林	四川	7	92	2	5	31.82	2	3	6||殷小华	四川	7	87	3	5	31.82	3	1	7||何开元	四川	7	84	3	5	31.82	3	1	7||刘居兰	重庆	7	83	2	6	31.82	2	3	6||王　建	四川	6	105	3	6	27.27	3	0	8||陈小龙	四川	6	102	2	5	27.27	2	2	7||宁绍金	四川	6	93	2	5	27.27	2	2	7||李　杨	四川	6	77	2	6	27.27	2	2	7||马锡果	四川	4	89	1	5	18.18	1	2	8||王乐轩	四川	4	83	2	6	18.18	2	0	9||周　勇	个人	2	76	1	6	9.09	1	0	10||华显军	四川	2	75	1	3	14.29	1	0	6||秦忠良	四川	0	56	0	4	0	0	0	7||赵　勇	个人	0	12	0	0	0	0	0	1||罗春阳	个人	0	10	0	1	0	0	0	1[/DhtmlXQ_comment0]
[DhtmlXQ_type]实战全局/开局[/DhtmlXQ_type]
[DhtmlXQ_timerule]40分＋5秒[/DhtmlXQ_timerule]
[DhtmlXQ_endtype][/DhtmlXQ_endtype]
[DhtmlXQ_owner][/DhtmlXQ_owner]
[DhtmlXQ_firstnum]0[/DhtmlXQ_firstnum]
[DhtmlXQ_gametype][/DhtmlXQ_gametype]
[DhtmlXQ_generator]www.chasoft.net[/DhtmlXQ_generator]
[DhtmlXQ_gamepreview]a564fa7e4fa4.png[/DhtmlXQ_gamepreview]
[/DhtmlXQ]


