[DhtmlXQ]
[DhtmlXQ_ver]www_vietcotuong_com[/DhtmlXQ_ver]
[DhtmlXQ_init]500,350[/DhtmlXQ_init]
[DhtmlXQ_title]广东 许国义 胜 东莞 霍淦明[/DhtmlXQ_title]
[DhtmlXQ_event]2017年东莞市第二届“元朗荣华月饼杯”象棋赛[/DhtmlXQ_event]
[DhtmlXQ_date]2017-07-15[/DhtmlXQ_date]
[DhtmlXQ_place]东莞市石碣镇[/DhtmlXQ_place]
[DhtmlXQ_round]第01轮[/DhtmlXQ_round]
[DhtmlXQ_table]第03台[/DhtmlXQ_table]
[DhtmlXQ_red]许国义[/DhtmlXQ_red]
[DhtmlXQ_redteam]广东[/DhtmlXQ_redteam]
[DhtmlXQ_redrating][/DhtmlXQ_redrating]
[DhtmlXQ_blacktime][/DhtmlXQ_time]
[DhtmlXQ_black]霍淦明[/DhtmlXQ_black]
[DhtmlXQ_blackteam]东莞[/DhtmlXQ_blackteam]
[DhtmlXQ_blackrating][/DhtmlXQ_blackrating]
[DhtmlXQ_blacktime][/DhtmlXQ_time]
[DhtmlXQ_result]红胜[/DhtmlXQ_result]
[DhtmlXQ_open]A27 飞相对左中炮[/DhtmlXQ_open]
[DhtmlXQ_remark][/DhtmlXQ_remark]
[DhtmlXQ_author][/DhtmlXQ_author]
[DhtmlXQ_binit]0919293949596979891777062646668600102030405060708012720323436383[/DhtmlXQ_binit]
[DhtmlXQ_movelist]6947724279677062897963647787123219071022091900015948015117278081262562540605546687885158191481611434304127285854343543448868426225244445464554247976665445442444686444422822323364615435222142442131334376363554071554733666735466636267616760426777547563654464656442641523[/DhtmlXQ_movelist]
[DhtmlXQ_comment0]东莞市第二届“元朗荣华月饼杯”象棋赛竞赛规程|||| 　　一、主办单位： 东莞市棋类协会|||| 　　东莞市石碣镇宣传教育文体局|||| 　　二、承办单位： 东莞市棋类协会石碣分会|||| 　　三、赞助单位： 东莞荣华饼家有限公司|||| 　　四、比赛项目： 中国象棋成人公开组|||| 　　五、比赛时间： 2017年7月15日至16日（详见附表）|||| 　　日期|| 　　时间|| 　　轮次|||| 　　15日|| 　　早上9时30分至10时30分|| 　　第一轮|||| 　　早上10时40分至11时40分|| 　　第二轮|||| 　　下午2时至3时|| 　　第三轮|||| 　　下午3时10分至4时10分|| 　　第四轮|||| 　　下午4时20分至5时20分|| 　　第五轮|||| 　　16日|| 　　早上8时30分至9时30分|| 　　第六轮|||| 　　早上9时40分至10时40分|| 　　第七轮|||| 　　早上10时50分至11时50分|| 　　第八轮|||| 　　下午2时至3时|| 　　第九轮|||| 　　下午4时30分颁奖典礼|||| 　　六、比赛地点：东莞市石碣镇南北花园酒店大厅三楼|||| 　　（石碣镇明珠中路223号）|||| 　　七、报名须知：|||| 　　①欢迎全国及港、澳、台的广大象棋爱好者报名参赛；|||| 　　②凡有国家大师等级称号的选手参加比赛，大会免费提供食宿，并于7月14日中午12点前到比赛地点南北花园酒店报到，午饭后，获邀到赞助单位东莞荣华饼家有限公司参观座谈。国家大师等级称号的棋手，直接报名联系人：何志新，联系电话：18922940250，微信号：h18922940250，报名时间：即日起，逢星期一至五上午9:00—12:00，下午14:30—17:30。|||| 　　③免费报名，限报100人，额满截止。|||| 　　④为让比赛精彩圆满，参赛者赛前交纳100元保证金，待颁奖结束后才可领回，同时领取赞助单位提供的礼品一份。如中途离赛，保证金不予退还。|||| 　　⑤所有报名参赛的棋手必须自行购买比赛期间（含往返途中）的人身意外保险，如未办理不予参赛。|||| 　　报名办法：东莞市石碣镇体育管理服务中心|||| 　　联系人：陈小姐　 电话：0769-86368227　 微信号：linglicll||||　　报名确定后不得随意更改姓名。|||| 　　报名时间：|||| 　　即日起，逢星期一至五上午9:00—12:00，下午14:30—17:30。|||| 　　八、竞赛办法：|||| 　　1、执行最新《象棋竞赛规则》（2011）|||| 　　2、采用九轮电脑积分编排。|||| 　　3、单方用时25分钟加3秒，超时判负；自然限着40个回合，提出方将军不计步数，连续捉子，第二步起不计步数。一方提和后，提出方将军，无效的捉子，由对方记录。|||| 　　4、例和、正和、简单的和棋局面，不论时间多少，裁判可判和。|||| 　　5、按积分、对手分、胜局、上轮成绩区分名次，名次不并列。|||| 　　九、奖励办法：|||| 　　冠军1名：奖金8000元，颁发证书；|||| 　　亚军1名：奖金5000元，颁发证书；|||| 　　季军1名：奖金3000元，颁发证书；|||| 　　4-6名：奖金1000元，颁发证书；|||| 　　7-12名：奖金600元，颁发证书；|||| 　　13-18名：奖金300元，颁发证书；|||| 　　19-28名：奖金200元，颁发证书；|||| 　　十、未尽事宜，另行通知。|||| 　　十一、本规程最终解释权归大赛组委会所有。|||| 　　备注：五星级南北酒店优惠提供食宿服务，双人房200元一晚，围餐八菜一汤，每人40元起，有需要的棋手请联系董经理，联系电话：13018612011。|||| 　　2017年东莞市“元朗荣华月饼”杯象棋赛|||| 　　补充规定|||| 　　1、本次比赛采用电脑积分编排，近号相对，第一轮小号先走，大师（特大）设为种子选手，前两轮尽量回避，第三轮开始不做人工干预。|||| 　　2、比赛请棋手自觉关闭手机，手机响铃或者直接接听手机判犯规一次，两次判负。|||| 　　3、严禁使用电子设备作弊，一经发现取消成绩，网上通报。组委会有权利根据具体情况对棋手进行抽检。|||| 　　4、为了比赛的圆满成功，特规定第一、二轮选定台次录谱，第三轮开始前10台录谱，选定名手台次录谱。|||| 　　胜方请配合工作人员录谱，和棋后手方录谱。[/DhtmlXQ_comment0]
[DhtmlXQ_comment1]2017年东莞市第二届“元朗荣华月饼杯”象棋赛第09轮后即时排行[仅供参考]||||排名 编号 姓名 团体 积分 对手分 胜局 犯规 后手局数 出场 胜 和 负 备注 ||第08轮排行 本轮对阵 个人第09轮后即时排行 胜率统计 第01轮排行 ||1 17 黄仕清 广西 15 102 6 0 4 9 6 3 0 102 ||2 112 刘宗泽 湖北 15 99 6 0 4 9 6 3 0 99 ||3 38 林进春 东莞 14 103 6 0 5 9 6 2 1 103 ||4 75 何文哲 浙江 14 101 6 0 5 9 6 2 1 101 ||5 14 林辉宇 广西 14 100 7 0 4 9 7 0 2 100 ||6 98 李鸿嘉 广东 14 98 6 0 4 9 6 2 1 98 ||7 116 赵子雨 湖北 14 97 6 0 5 9 6 2 1 97 ||8 63 黄光颖 广东 13 111 4 0 4 9 4 5 0 111 ||9 5 许国义 广东 13 107 6 0 4 9 6 1 2 107 ||10 29 曹岩磊 河南 13 97 5 0 5 9 5 3 1 97 ||11 68 姚连生 东莞 13 92 6 0 5 9 6 1 2 92 ||12 40 黎德志 广东 13 83 5 0 5 9 5 3 1 83 ||13 87 程宇东 广东 12 103 4 0 5 9 4 4 1 103 ||14 65 黄嘉亮 广州 12 102 5 0 5 9 5 2 2 102 ||15 82 罗宁飞 东莞 12 99 6 0 5 9 6 0 3 99 ||16 110 赵汝权 香港 12 96 4 0 5 9 4 4 1 96 ||17 7 王冬 湖南 12 95 5 0 4 9 5 2 2 95 ||18 26 陈应贤 广西 12 88 6 0 5 9 6 0 3 88 ||18 43 梁远航 阳江 12 88 6 0 5 9 6 0 3 88 ||20 27 周新平 珠海 12 87 6 0 4 9 6 0 3 87 ||20 105 陈树雄 汕头 12 87 6 0 4 9 6 0 3 87 ||22 20 刘小敏 深圳 12 84 6 0 5 9 6 0 3 84 ||23 102 林小蕃 广州 12 83 6 0 5 9 6 0 3 83 ||24 71 彭勇 广州 11 100 5 0 4 9 5 1 3 100 ||25 56 吴填 汕尾 11 99 4 0 5 9 4 3 2 99 ||26 4 曾光辉 东莞 11 97 5 0 4 9 5 1 3 97 ||27 15 吴彭生 东莞 11 93 5 0 5 9 5 1 3 93 ||28 39 吕皓 广西 11 90 5 0 4 9 5 1 3 90 ||29 60 陈丽淳 广东 11 90 4 0 5 9 4 3 2 90 ||30 52 李锦欢 澳门 11 88 3 0 4 9 3 5 1 88 ||31 92 李自卫 东莞 11 85 3 0 4 9 3 5 1 85 ||32 81 陈旭升 广州 11 83 5 0 4 9 5 1 3 83 ||33 23 赖石飞 佛冈 11 81 4 0 4 9 4 3 2 81 ||34 83 林广惠 石碣 11 79 3 0 5 9 3 5 1 79 ||35 2 唐庆祥 东莞 11 77 5 0 5 9 5 1 3 77 ||36 28 刘陈森 东莞 11 68 5 0 4 9 5 1 3 68 ||37 1 王发庚 湖北 10 101 5 0 4 9 5 0 4 101 ||38 19 周学华 湖南 10 99 3 0 4 9 3 4 2 99 ||39 96 钟由绍 东莞 10 97 5 0 4 9 5 0 4 97 ||40 86 曹进辉 增城 10 94 5 0 4 9 5 0 4 94 ||41 58 林川博 深圳 10 93 4 0 5 9 4 2 3 93 ||42 62 杨文跃 广州 10 93 4 0 4 9 4 2 3 93 ||43 95 叶生洪 广州 10 91 5 0 4 9 5 0 4 91 ||44 33 陈红标 茂名 10 83 5 0 4 9 5 0 4 83 ||45 8 梁茂生 凤岗 10 77 4 0 5 9 4 2 3 77 ||45 91 李杰生 深圳 10 77 4 0 5 9 4 2 3 77 ||47 51 李明熙 从化 10 76 5 0 4 9 5 0 4 76 ||48 70 叶志刚 东莞 10 75 5 0 5 9 5 0 4 75 ||49 74 陈辉 广州 10 74 5 0 5 9 5 0 4 74 ||50 46 郭文锋 广州 10 69 5 0 4 9 5 0 4 69 ||51 69 陈仁宽 虎门 9 93 4 0 4 9 4 1 4 93 ||51 73 陈羿天 石龙 9 93 4 0 4 9 4 1 4 93 ||53 79 杨欣龙 广州 9 93 3 0 5 9 3 3 3 93 ||54 41 黄彭清 东莞 9 87 4 0 4 9 4 1 4 87 ||55 45 禤阶 广西 9 85 4 0 5 9 4 1 4 85 ||56 101 罗迎秋 东莞 9 80 4 0 5 9 4 1 4 80 ||56 109 王小辉 汕尾 9 80 4 0 5 9 4 1 4 80 ||58 47 贺利钢 深圳 9 79 4 0 5 9 4 1 4 79 ||59 114 刘子举 广州 9 77 4 0 5 9 4 1 4 77 ||60 42 刘春良 兴宁 9 74 4 0 4 9 4 1 4 74 ||61 10 陈明 东莞 9 73 4 0 5 9 4 1 4 73 ||62 54 吴红华 东城 9 72 4 0 5 9 4 1 4 72 ||63 3 邓业进 石碣 9 72 4 0 4 9 4 1 4 72 ||63 100 胡唯有 广州 9 72 4 0 4 9 4 1 4 72 ||65 55 杨汉区 东莞 9 71 3 0 5 9 3 3 3 71 ||66 6 霍淦明 东莞 9 69 4 0 5 9 4 1 4 69 ||67 104 王仁军 广州 9 60 4 0 4 9 4 1 4 60 ||68 25 谢启文 凤岗 8 92 4 0 4 9 4 0 5 92 ||69 22 徐达 东莞 8 86 3 0 5 9 3 2 4 86 ||70 37 陆杰夫 从化 8 81 4 0 4 9 4 0 5 81 ||71 85 黄彭秀 东莞 8 80 4 0 5 9 4 0 5 80 ||72 61 袁汉灵 东莞 8 80 3 0 5 9 3 2 4 80 ||72 90 沈永锋 东莞 8 80 3 0 5 9 3 2 4 80 ||74 108 肖浩波 东莞 8 78 3 0 5 9 3 2 4 78 ||75 88 黎岳川 东莞 8 76 4 0 5 9 4 0 5 76 ||75 94 熊正辉 从化 8 76 4 0 5 9 4 0 5 76 ||77 21 敬卫军 广州 8 76 2 0 4 9 2 4 3 76 ||78 66 郭跃杰 东莞 8 71 4 0 4 9 4 0 5 71 ||79 115 钟灿芬 东莞 8 71 3 0 5 9 3 2 4 71 ||80 24 周成就 东莞 8 67 3 0 5 9 3 2 4 67 ||81 64 梁才学 东莞 8 64 4 0 4 9 4 0 5 64 ||82 80 列锡达 东莞 7 90 3 0 5 9 3 1 5 90 ||83 50 罗建军 兴宁 7 90 2 0 4 9 2 3 4 90 ||84 84 李文晋 湖南 7 81 3 0 4 9 3 1 5 81 ||85 13 骆锋 惠州 7 77 3 0 5 9 3 1 5 77 ||86 48 苏宇 广州 7 76 3 0 4 9 3 1 5 76 ||87 49 吴辟峰 东莞 7 72 2 0 4 9 2 3 4 72 ||88 57 禤静平 从化 7 69 3 0 4 9 3 1 5 69 ||88 72 李强 东莞 7 69 3 0 4 9 3 1 5 69 ||90 67 梁浩榆 东城 7 68 3 0 4 9 3 1 5 68 ||91 111 袁渭泉 东莞 7 67 2 0 5 9 2 3 4 67 ||92 113 杨锡佳 石碣 7 65 3 0 5 9 3 1 5 65 ||93 32 刘隽谦 中山 7 63 3 0 4 9 3 1 5 63 ||94 9 欧阳洪彬 桥头 6 85 3 0 4 9 3 0 6 85 ||95 99 何汉文 东莞 6 82 3 0 4 9 3 0 6 82 ||96 18 周惠权 东莞 6 75 3 0 5 9 3 0 6 75 ||97 44 李俭华 广西 6 69 3 0 5 9 3 0 6 69 ||98 107 肖耀银 湖南 6 68 3 0 4 9 3 0 6 68 ||99 77 谢国创 从化 6 68 2 0 4 9 2 2 5 68 ||100 89 刘绍仁 广州 6 56 3 0 5 9 3 0 6 56 ||101 12 谢东庆 东莞 6 48 3 0 5 9 3 0 5 48 ||102 34 刘伟中 广州 5 81 2 0 5 9 2 1 6 81 ||103 16 邓润球 东城 5 78 1 0 5 9 1 3 5 78 ||104 97 袁树棠 石碣 5 67 2 0 4 9 2 1 6 67 ||105 76 秦柱秋 东莞 5 61 2 0 4 9 2 1 6 61 ||106 93 袁旺登 石碣 5 57 2 0 5 9 2 1 6 57 ||107 53 梁汉武 东莞 4 61 2 0 4 9 2 0 7 61 ||108 78 张勇 东莞 4 55 1 0 4 9 1 2 6 55 ||109 103 姚文照 东莞 4 52 2 0 3 9 2 0 7 52 ||110 35 刘裕康 东城 4 48 1 0 4 9 1 2 6 48 ||111 59 方祥仔 东莞 3 62 1 0 4 9 1 1 7 62 ||112 36 黄国强 东莞 1 34 0 0 2 4 0 1 3 34 ||113 31 王疆 广西 0 40 0 0 2 4 0 0 4 40 ||114 106 凌国升 东莞 0 38 0 0 3 4 0 0 4 38 ||115 11 古全文 广西 0 32 0 0 1 4 0 0 3 32 ||116 30 张帅 深圳 0 30 0 0 2 4 0 0 4 30 ||排序规则：积分，对手分，胜局，犯规，后手局数||轮空选手对手分按[固定]分数[0]分计算，弃权选手对手分按[对手实际积分]计算 |||| ||比赛组别： 比赛时间：2017-07-15 2017-07-16 比赛地点：东莞市石碣镇南北花园酒店大厅三楼 信息反馈：QQ88081492 ||裁 判 长：梁炳齐 编 排 长：吴章东 软件资料：云蛇比赛编排软件 网页制作：东萍象棋网[/DhtmlXQ_comment1]
[DhtmlXQ_type]实战全局/开局[/DhtmlXQ_type]
[DhtmlXQ_timerule]20分＋3秒[/DhtmlXQ_timerule]
[DhtmlXQ_endtype][/DhtmlXQ_endtype]
[DhtmlXQ_owner][/DhtmlXQ_owner]
[DhtmlXQ_firstnum]0[/DhtmlXQ_firstnum]
[DhtmlXQ_gametype]慢棋[/DhtmlXQ_gametype]
[DhtmlXQ_generator]www.ccbridge.net[/DhtmlXQ_generator]
[DhtmlXQ_gamepreview]fbe399818ef9.png[/DhtmlXQ_gamepreview]
[/DhtmlXQ]


