[DhtmlXQ]
[DhtmlXQ_ver]www_vietcotuong_com[/DhtmlXQ_ver]
[DhtmlXQ_init]500,350[/DhtmlXQ_init]
[DhtmlXQ_title]四川 郑惟桐 胜 山东 李翰林[/DhtmlXQ_title]
[DhtmlXQ_event]2013年江苏徐州首届象棋公开赛暨彭城棋王争霸赛[/DhtmlXQ_event]
[DhtmlXQ_date]2014-01-01[/DhtmlXQ_date]
[DhtmlXQ_place]徐州市颐和商务酒店[/DhtmlXQ_place]
[DhtmlXQ_round]第08轮[/DhtmlXQ_round]
[DhtmlXQ_table]第04台[/DhtmlXQ_table]
[DhtmlXQ_red]郑惟桐[/DhtmlXQ_red]
[DhtmlXQ_redteam]四川[/DhtmlXQ_redteam]
[DhtmlXQ_redrating][/DhtmlXQ_redrating]
[DhtmlXQ_blacktime][/DhtmlXQ_time]
[DhtmlXQ_black]李翰林[/DhtmlXQ_black]
[DhtmlXQ_blackteam]山东[/DhtmlXQ_blackteam]
[DhtmlXQ_blackrating][/DhtmlXQ_blackrating]
[DhtmlXQ_blacktime][/DhtmlXQ_time]
[DhtmlXQ_result]红胜[/DhtmlXQ_result]
[DhtmlXQ_open]A30 飞相对左过宫炮[/DhtmlXQ_open]
[DhtmlXQ_remark][/DhtmlXQ_remark]
[DhtmlXQ_author][/DhtmlXQ_author]
[DhtmlXQ_binit]0919293949596979891777062646668600102030405060708012720323436383[/DhtmlXQ_binit]
[DhtmlXQ_movelist]694772322625706277578070796763641927100289885041883860423835030466657074090802143534646534746274171200100878746212422042476514336547101467552324252414247873244459483314271532337372625015341435341344465563465663425042724233314222561613211656222535542524544221135616132542632404634425444344060544450444455544741656745456865455868455533136476984645747415253526469485936315242405047573141425250405727[/DhtmlXQ_movelist]
[DhtmlXQ_comment0]　2013年江苏徐州首届象棋公开赛||||　　暨彭城棋王争霸赛竞赛规程||||　　一．主办单位：江苏省棋类运动管理中心||||　　徐州市体育总会||||　　二．承办单位：徐州市棋类运动协会、徐州市金牌体育发展总公司||||　　三．比赛时间：||||　　2013年12月30日—2014年1月2日（赛期四天）||||　　2013年12月29日下午14时开始现场报到||||　　四．比赛地点：||||　　徐州市湖北路西首（体育局西侧）颐和商务酒店（湖北路13号，邮编221005，市内可乘坐34、38、49、57、601、607路公交车至体育中心站下车即到）。||||　　五．比赛项目：象棋个人赛||||　　六．参赛资格：||||　　国内外象棋特级大师、国家大师及各级别象棋爱好者凡身体健康者均可报名参加。||||　　七．比赛方法：||||　　1.执行《象棋竞赛规则》（2011年试行本）；||||　　2.比赛采用四天十三轮积分编排制，电脑抽签、电脑编排；||||　　3.比赛记分方法为2，1，0，即胜局记2分、和局双方各记1分、负局记0分；||||　　4.比赛用时：基本用时40＋10，即每局40分钟、每步加10秒。||||　　八．奖励办法：||||　　1.取前二十六名选手颁发证书（冠军颁发奖杯）和奖金：||||　　第一名20000元；第二名10000元；第三名8000元；||||　　第四名5000元； 第五名3000元；第六名2000元；||||　　第七至十名1000元/人；第十一至十三名600元/人；||||　　第十四至十六名300元/人；第十七至二十六名200元/人。||||　　2.彭城棋王争霸赛十强选手颁发证书（徐州第一名者授予彭城棋王称号并颁发奖杯）和奖金：||||　　第一名2000元；第二名1000元；第三名800元；||||　　第四—六名500元；第七—十名300元。||||　　竞争彭城棋王者应为本市选手（以身份证为准），彭城棋王争霸赛前十强选手所获奖项1、2项可兼得。||||　　九．参赛办法：||||　　1.本市选手每县区限报5人以内；||||　　2.参赛选手报名费每人100元整；||||　　3.。凡大师及以上参赛者每人一次性补助200元整（凭有效证件报到时领取）。||||　　4.食宿安排：||||　　①外地选手由大会统一安排食宿，住宿地点在徐州市湖北路西首市体育局西侧颐和酒店（如住宿人数较多，晚到者就近安排），标准为每人每天食宿费160元，四天食宿费连同报名费共计740元一并缴纳；||||　　②本市选手（以身份证为准），食宿自理。||||　　5.报名采用网上或短信报名办法。参赛选手报名时，须注明姓名、性别、级别、所在省市、身份证号码、本人联系电话（缺一不可）。报名截止时间为12月24日18时前（人数报满则报名截止），延时不候。凭本人身份证及汇款凭证报到，以便核对。||||　　①。本市选手报名地点：本市欧洲商城C座302室，||||　　联系电话：13952156991，　　联系人：　蔡辉。||||　　②。外地选手网上报名电子邮箱：peigong2@163.com；||||　　短信报名：15805205578　 联系人：周沛；||||　　汇款账号：江苏徐州建设银行，卡号：江苏徐州建设银行　6227001251580007806，刘加强；||||　　汇款成功后，请及时将汇款时间（月、日、时间）、汇款单号、汇款者姓名等信息及时发送短信到15805205578，以便确认。||||　　6.报名费及相关费用到账者（外地棋手四天食宿费及报名费共计740元）视为报名有效。||||　　7.本次参赛人数限报150人，报满为止。||||　　8.咨询电话：13952156991　蔡辉；13056216617　刘加强。||||　　十。比赛纪律：||||　　1. 拒绝非诚信棋手和曾经受到过各类赛事组委会处分的棋手参赛。所有报名参赛的棋手须经组委会进行资格审查，以网上公布的名单为最终参赛人员名单。||||　　2.比赛过程中严禁使用手机等各类电子设备。进入赛场必须关闭手机及所携带电子设备。一旦发现使用电子设备者，当场判负；情节严重者，取消本次比赛资格。全体参赛选手须接受电子安全扫描后进入赛场。||||　　3.更改姓名或身份证明等弄虚作假者一经发现取消比赛资格。||||　　十一。参赛选手报到时需递交县级或以上医院出具的身体健康证明及意外伤害保险证明。凡在比赛期间发生意外者责任自负。||||　　十二。未尽事宜，由大赛组委会另行通知。||||　　十三。本规程解释权在大赛组委会。||||　　大赛组委会||||　　2013年11月27日[/DhtmlXQ_comment0]
[DhtmlXQ_comment1]2013年江苏徐州首届象棋公开赛暨彭城棋王争霸赛第11轮后即时排行[仅供参考]排名 编号 姓名 团体 积分 对手分 胜局 犯规 后手局数 出场 胜 和 负 备注 ||第10轮排行 本轮对阵 个人第11轮后即时排行 胜率统计 第01轮排行 ||1 51 郑惟桐 四川 17 156 7 0 5 11 7 3 1  ||2 33 苗永鹏 辽宁沈阳 17 141 7 0 6 11 7 3 1  ||3 10 才溢 北京 16 156 7 0 6 11 7 2 2  ||4 59 陆伟韬 石家庄 15 157 4 0 5 11 4 7 0  ||5 9 武俊强 河南 15 155 5 0 5 11 5 5 1  ||6 43 苗利明 邯郸 15 149 6 0 5 11 6 3 2  ||7 15 张泽海 辽宁大连 15 145 6 0 5 11 6 3 2  ||8 54 张彬 天津 15 143 5 0 5 11 5 5 1  ||9 14 李祖高 温州 15 138 6 0 6 11 6 3 2  ||10 67 李全军 徐州 15 133 6 0 5 11 6 3 2  ||11 1 廖二平 南京 15 124 7 0 5 11 7 1 3  ||12 83 李翰林 山东 14 147 6 0 6 11 6 2 3  ||13 26 王兴业 河南 14 146 4 0 6 11 4 6 1  ||14 58 鲁天 徐州 14 145 5 0 6 11 5 4 2  ||15 82 赵子雨 河南 14 137 5 0 6 11 5 4 2  ||16 64 刘子健 浙江杭州 14 136 5 0 5 11 5 4 2  ||17 49 宋昊明 徐州 14 119 6 0 5 11 6 2 3  ||18 18 赵伟 上海 13 146 6 0 6 11 6 1 4  ||19 44 姚洪新 河南 13 144 4 0 6 11 4 5 2  ||20 65 徐崇峰 浙江杭州 13 143 4 0 6 11 4 5 2  ||21 20 陈栋 内蒙 13 139 5 0 6 11 5 3 3  ||22 5 赵剑 徐州 13 135 5 0 5 11 5 3 3  ||23 27 孙继浩 山东青岛 13 132 6 0 5 11 6 1 4  ||24 85 王世祥 徐州 13 131 5 0 6 11 5 3 3  ||25 19 倪敏 安徽 13 126 5 0 5 11 5 3 3  ||26 45 林宏敏 上海 13 122 4 0 5 11 4 5 2  ||27 84 付彦博 河北沧州 13 120 5 0 5 11 5 3 3  ||28 81 李树洲 温州 13 119 6 0 5 11 6 1 4  ||29 11 周军 山西 12 149 3 0 5 11 3 6 2  ||30 76 陈琦 上海 12 135 5 0 6 11 5 2 4  ||31 52 董学武 徐州 12 135 4 0 6 11 4 4 3  ||32 29 刘龙 北京 12 132 4 0 5 11 4 4 3  ||33 56 潘奕辰 天津 12 126 5 0 6 11 5 2 4  ||34 37 王光书 徐州 12 126 4 0 5 11 4 4 3  ||35 53 程本涛 徐州 12 122 5 0 5 11 5 2 4  ||36 3 李红金 徐州 12 116 4 0 5 11 4 4 3  ||37 77 吴庆德 徐州 12 111 5 0 5 11 5 2 4  ||38 2 孙秀利 徐州 12 95 5 0 6 11 5 2 4  ||39 17 陈林 徐州 11 136 5 0 6 11 5 1 5  ||40 38 张超群 徐州 11 133 4 0 5 11 4 3 4  ||41 48 田长兴 北京 11 132 4 0 6 11 4 3 4  ||42 80 陈新强 徐州 11 128 5 0 6 11 5 1 5  ||43 40 李炳贤 浙江杭州 11 127 2 0 6 11 2 7 2  ||44 79 孔军 徐州 11 123 4 0 6 11 4 3 4  ||45 12 赵利 徐州 11 120 5 0 6 11 5 1 5  ||46 25 刘和辉 徐州 11 119 5 0 5 11 5 1 5  ||47 75 孟杰 山东 11 117 5 0 6 11 5 1 5  ||48 22 司云鸽 徐州 11 114 4 0 6 11 4 3 4  ||49 34 高顺民 徐州 11 108 4 0 6 11 4 3 4  ||50 28 杨旭 内蒙 11 106 4 0 6 11 4 3 4  ||51 7 陆子斌 江苏扬州 11 106 3 0 5 11 3 5 3  ||52 32 黄忠民 徐州 10 126 4 0 5 11 4 2 5  ||53 86 曹飞 安徽 10 120 4 0 6 11 4 2 5  ||54 57 陶亭雨 连云港 10 114 4 0 5 11 4 2 5  ||55 71 郭炜 徐州 10 113 3 0 6 11 3 4 4  ||56 73 孔凡光 徐州 10 112 4 0 6 11 4 2 5  ||56 74 鲁彦 徐州 10 112 4 0 6 11 4 2 5  ||58 42 董佳琦 上海 10 109 3 0 6 11 3 4 4  ||59 63 崔昕 徐州 10 105 4 0 6 11 4 2 5  ||60 46 崔堂安 徐州 10 105 3 0 6 11 3 4 4  ||61 87 白磊 徐州 10 100 4 0 6 11 4 2 5  ||62 66 张增平 徐州 10 89 4 0 6 11 4 2 5  ||63 6 吕建宽 徐州 9 119 3 0 6 11 3 3 5  ||64 39 赵岩冰 徐州 9 119 3 0 5 11 3 3 5  ||65 88 魏明 山东 9 118 3 0 5 11 3 3 5  ||66 31 韩镇镇 山东 9 115 4 0 5 11 4 1 6  ||67 62 曲敬川 山东烟台 9 115 3 0 5 11 3 3 5  ||68 36 刘宝 徐州 9 108 4 0 6 11 4 1 6  ||69 60 周醒 山东青岛 9 100 3 0 6 11 3 3 5  ||70 21 张伟 安徽亳州 8 119 3 0 5 11 3 2 6  ||71 35 吕复伟 徐州 8 118 3 0 5 11 3 2 6  ||72 16 韩铮鹏 徐州 8 114 3 0 6 11 3 2 6  ||73 55 王来 新疆 8 107 3 0 5 11 3 2 6  ||74 69 赵国芳 河南 8 106 3 0 5 11 3 2 6  ||75 13 张邦智 徐州 8 104 2 0 5 11 2 4 5  ||76 30 赵厚勇 徐州 8 98 3 0 6 11 3 2 6  ||77 47 李孝柱 徐州 8 89 4 0 5 11 4 0 7  ||78 23 郝亚楠 徐州 8 84 3 0 5 11 3 2 6  ||79 68 韩明先 徐州 7 103 3 0 5 11 3 1 7  ||80 41 吴红军 徐州 7 86 1 0 5 11 1 5 5  ||81 8 王锦 徐州 6 109 3 0 6 11 3 0 8  ||82 70 桂华雪 安徽阜阳 6 105 3 0 6 11 3 0 8  ||83 24 李奇 徐州 6 93 3 0 5 11 3 0 8  ||84 78 李鹏磊 徐州 6 87 2 0 5 11 2 2 7  ||85 72 周凤成 徐州 5 92 2 0 5 11 2 1 8  ||86 61 赵渝 徐州 0 89 0 0 5 11 0 0 11  ||87 50 张贤猛* 徐州 0 14 0 0 1 1 0 0 1  ||88 4 刘振* 青岛 0 12 0 0 1 1 0 0 1[/DhtmlXQ_comment1]
[DhtmlXQ_type]实战全局/开局[/DhtmlXQ_type]
[DhtmlXQ_timerule]40分＋10秒[/DhtmlXQ_timerule]
[DhtmlXQ_endtype][/DhtmlXQ_endtype]
[DhtmlXQ_owner][/DhtmlXQ_owner]
[DhtmlXQ_firstnum]0[/DhtmlXQ_firstnum]
[DhtmlXQ_gametype]慢棋[/DhtmlXQ_gametype]
[DhtmlXQ_generator]www.ccbridge.net[/DhtmlXQ_generator]
[DhtmlXQ_gamepreview]2b38cabe96fc.png[/DhtmlXQ_gamepreview]
[/DhtmlXQ]


