[DhtmlXQ]
[DhtmlXQ_ver]www_vietcotuong_com[/DhtmlXQ_ver]
[DhtmlXQ_init]500,350[/DhtmlXQ_init]
[DhtmlXQ_title]四川成都-郑惟恫-胜-甘肃-郝永林[/DhtmlXQ_title]
[DhtmlXQ_event]2013年四川眉山首届鸿通“金色春天房产杯”中国象棋公开赛[/DhtmlXQ_event]
[DhtmlXQ_date]2013-05-29 16:20-18:00[/DhtmlXQ_date]
[DhtmlXQ_place]眉山万鑫宾馆[/DhtmlXQ_place]
[DhtmlXQ_round]第03轮[/DhtmlXQ_round]
[DhtmlXQ_table]第10台[/DhtmlXQ_table]
[DhtmlXQ_red]郑惟恫[/DhtmlXQ_red]
[DhtmlXQ_redteam]四川成都[/DhtmlXQ_redteam]
[DhtmlXQ_redrating][/DhtmlXQ_redrating]
[DhtmlXQ_blacktime][/DhtmlXQ_time]
[DhtmlXQ_black]郝永林[/DhtmlXQ_black]
[DhtmlXQ_blackteam]甘肃[/DhtmlXQ_blackteam]
[DhtmlXQ_blackrating][/DhtmlXQ_blackrating]
[DhtmlXQ_blacktime][/DhtmlXQ_time]
[DhtmlXQ_result]红胜[/DhtmlXQ_result]
[DhtmlXQ_open]E23 仙人指路转左中炮对卒底炮飞左象[/DhtmlXQ_open]
[DhtmlXQ_remark][/DhtmlXQ_remark]
[DhtmlXQ_author][/DhtmlXQ_author]
[DhtmlXQ_binit]0919293949596979891777062646668600102030405060708012720323436383[/DhtmlXQ_binit]
[DhtmlXQ_movelist]262512227747204279678081474330411927103143458151294723242735242545250010173751538979314335435343256570826560426079722242092910303948303466658384675534542920413072525452554342462026464426464474373574714324714146445222352560422522[/DhtmlXQ_movelist]
[DhtmlXQ_comment0]　　四川省眉山市首届鸿通“金色春天房产杯”象棋公开赛比赛规程||||　　四川省眉山市首届鸿通“金色春天房产杯”||||　　中国象棋公开赛比赛规程||||　　一、主办单位||||　　眉山市教育局　　　　　　　眉山市体育局||||　　眉山市住房和城乡建设局　　眉山市体育总会||||　　二、承办单位||||　　眉山市棋类协会||||　　三、协办单位||||　　眉山市鸿通房地产开发有限公司||||　　四、竞赛日期、地点||||　　2013年5月29日—6月1日||||　　地点：眉山市万鑫宾馆（府街眉师附小斜对面）||||　　五、竞赛项目||||　　象棋个人赛||||　　六、参赛资格：||||　　象棋爱好者，男女、专业、业余、年龄不限。||||　　七、比赛办法：||||　　（一）采用国家体育总局审定的最新棋类竞赛规则。||||　　（二）根据报名人数多少确定比赛办法（积分编排或分组单循环淘汰赛）。||||　　（三）双方各用时60分钟包干，胜者得2分，和者得1分，负者得O分。||||　　八、录取名次及奖励办法：||||　　1、录取前32名。||||　　第1名20000元；第2名10000元；第3名5000元；第4名3000元；第5名2000元；第6名1000元；第7名-10名各600元，第11-20名各500元，第21-32名各400元。||||　　2、为鼓励眉山市选手参赛，特另设眉山市籍选手奖。||||　　第1名2000元；第2名1000元；第3名800元；第4名600元；第5名500元；第6名300元；第7-10名200元。||||　　所有棋手电脑混合编排，同场竞技，分组（外地组、眉山组）排名。眉山籍选手可重复奖励（眉山籍选手须查验身份证原件或单位证明原件）。||||　　九、报名、报到：||||　　（一）报名：各参赛棋手于2013年5月25日前在眉山市棋类协会报名。联系电话：18011290939　15984303939，联系人：梁老师，并出具本人比赛有效证件。||||　　（二）也可网上报名、手机短信报名。邮箱：641120781@qq.com、2207055165@qq.com。||||　　（三）各参赛棋手于2013年5月28日下午3时到眉山市东坡区万鑫宾馆报到（府街眉师附小斜对面）。||||　　（四）外地棋手在眉山火车站下车后，可乘1路公交车到眉山市人民医院（县医院）站下，后行100米即可到达；眉山汽车中心站下车后，可乘8路公交车到眉山市人民医院站（县医院）下，前行50米即可到达。||||　　十、参赛经费：||||　　（一）本次比赛不收报名费。||||　　（二）住宿费：60元/人/天（4天×60=240元）。（标准间：二个床位、均带独立卫生间、空调、网络）。组委会统一收取。||||　　（三）另有少量单间，如有需求，请提前预订：100元/人/天（4天×100=400元）。||||　　（四）交通、伙食等费用自理。||||　　（五）参赛选手均有精美礼品一份。||||　　十一、裁判员：||||　　由省、市棋协选调国家一级裁判。||||　　十二、未尽事宜，另行通知。以上解释权归眉山市棋类协会。[/DhtmlXQ_comment0]
[DhtmlXQ_comment1]2013年四川眉山首届鸿通“金色春天房产杯”中国象棋公开赛公开组第13轮后即时排行[仅供参考]排名 编号 姓名 团体 积分 累进分 胜局 犯规 后手胜局 对手分 逐轮递减法 出场 备注 ||官方排名 第12轮排行 本轮对阵 个人第13轮后即时排行 胜率统计 第01轮排行 官方排名 ||1 83 郑惟恫 四川成都 21 159 8 0 4 207  13  ||2 91 黄仕清 广西 20 145 8 0 4 228  13  ||3 51 王晟强 四川成都 20 138 8 0 3 209  13  ||4 2 金波 北京 19 147 7 0 3 209  13  ||5 80 杨辉 四川雅安 18 140 7 0 4 226  13  ||6 59 刘奕达 上海 18 132 6 0 4 187  13  ||7 16 周平荣 江西 18 127 8 0 4 177  13  ||8 14 武俊强 四川成都 17 136 6 0 2 212  13  ||9 112 刘宗泽 湖北 17 134 6 0 2 217  13  ||10 20 孙浩宇 四川成都 17 132 6 0 1 219  13  ||11 25 王兴业 河南 17 125 6 0 2 212  13  ||12 115 李少庚 四川成都 17 124 7 0 3 205  13  ||13 97 黎德志 广东 17 124 6 0 2 193  13  ||14 127 刘子健 浙江 17 122 6 0 2 199  13  ||15 108 孙逸阳 江苏 17 122 5 0 1 179  13  ||16 73 赵殿宇 河北 16 132 5 0 3 212  13  ||17 90 姚洪新 河南 16 126 6 0 1 208  13  ||18 28 李冠男 辽宁 16 125 6 0 2 200  13  ||19 95 李鸿嘉 广东 16 124 4 0 1 203  13  ||20 92 孙永红 四川邛崃 16 122 7 0 1 187  13  ||21 27 宿少峰 内蒙古 16 122 6 0 3 180  13  ||22 53 李进 广东 16 120 6 0 3 200  13  ||23 46 林建中 四川南充 16 120 4 0 2 183  13  ||24 30 赵攀伟 四川攀枝花 16 119 3 0 1 190  13  ||25 9 夏金凯 山东 16 117 6 0 2 173  13  ||26 1 曾军 四川达州 16 116 7 0 5 186  13  ||27 101 向有权 湖南 16 114 5 0 2 181  13  ||28 104 陆洪伟 浙江 16 111 5 0 2 190  13  ||29 47 梁妍婷 四川成都 16 111 5 0 2 175  13  ||30 111 冯金贵 四川南充 16 109 6 0 4 196  13  ||31 12 李成之 四川成都 16 107 7 0 4 183  13  ||32 126 吴宗滋 广东 16 107 6 0 3 198  13  ||33 19 彭学敏 眉山东坡区 16 105 6 0 2 171  13  ||34 34 唐世文 四川南充 16 97 7 0 3 160  13  ||35 45 张瑞峰 山东 16 97 7 0 3 156  13  ||36 70 蔡佑广 广东 15 110 6 0 3 186  13  ||37 105 刘光善 四川彭州 15 109 5 0 3 185  13  ||38 84 覃志新 四川峨眉 15 108 7 0 3 168  13  ||39 17 李晓成 四川自贡 15 107 5 0 3 176  13  ||40 32 宗锴 山东 15 102 6 0 3 173  13  ||41 81 刘祖勇 云南 15 101 6 0 4 162  13  ||42 66 赵子雨 湖北 15 89 7 0 2 178  13  ||43 123 赵明 四川德阳 15 84 6 0 3 159  13  ||44 76 黄伟 重庆 14 104 6 0 1 172  13  ||45 82 郝永林 甘肃 14 102 7 0 5 183  13  ||46 77 李泽贵 四川德阳 14 101 5 0 2 183  13  ||47 35 薛飞 四川成都 14 101 5 0 2 175  13  ||48 13 冉鸿 四川大邑 14 100 6 0 4 176  13  ||49 22 胡景尧 辽宁 14 100 4 0 2 181  13  ||50 116 周锦俊 广东 14 95 4 0 2 160  13  ||51 119 邹杰 眉山东坡区 14 94 5 0 4 162  13  ||52 41 刘云达 湖南 14 93 6 0 2 169  13  ||53 88 任世洪 四川邛崃 14 92 6 0 3 162  13  ||54 67 杨小平 广西 14 82 6 0 5 122  13  ||55 38 张卫东 山东 13 107 5 0 1 181  13  ||56 6 雷隆云 四川武胜 13 107 4 0 1 181  13  ||57 11 李锦雄 广东 13 106 6 0 4 188  13  ||58 129 熊继明 四川宜宾 13 101 6 0 4 181  13  ||59 44 罗路田 湖南 13 101 4 0 1 182  13  ||60 61 孟学仁 宁夏 13 98 6 0 4 185  13  ||61 72 周华 四川攀枝花 13 97 5 0 2 179  13  ||62 125 李金福 四川邛崃 13 93 6 0 3 174  13  ||63 64 姚思平 四川彭州 13 93 5 0 2 165  13  ||64 8 银强 眉山彭山 13 90 6 0 2 158  13  ||65 86 邓传礼 重庆 13 89 5 0 2 155  13  ||66 29 弋川新 四川南充 13 87 6 0 4 157  13  ||67 65 丁德荣 四川自贡 13 87 5 0 5 168  13  ||68 120 豆建国 甘肃 13 86 5 0 3 164  13  ||69 117 孙文 云南 13 86 5 0 0 162  13  ||70 89 林国治 眉山仁寿 13 84 6 0 4 147  13  ||71 5 宋友兵 眉山东坡区 13 84 6 0 3 166  13  ||72 107 陈平 眉山东坡区 13 80 5 0 3 157  13  ||73 113 张浩 重庆 13 75 6 0 3 155  13  ||74 52 夏睿 眉山东坡区 13 75 5 0 2 156  13  ||75 75 郭宏 四川成都 13 73 6 0 3 140  13  ||76 69 柴晓西 陕西 12 99 5 0 2 179  13  ||77 87 文向俊 四川乐山 12 92 4 0 1 165  12  ||78 63 杨林 眉山彭山 12 90 4 0 2 174  13  ||79 109 徐树清 四川邛崃 12 89 5 0 1 165  13  ||80 37 倪玉春 眉山青神 12 82 6 0 1 163  13  ||81 50 沈福忠 眉山青神 12 81 3 0 2 161  13  ||82 60 史小东 眉山彭山 12 80 6 0 4 146  13  ||83 42 郎祺琪 四川成都 12 72 5 0 3 149  13  ||84 106 周醒 山东 12 66 6 0 3 143  13  ||85 49 刘俊 四川彭州 11 107 5 0 3 195  13  ||86 122 蔡光顺 云南 11 93 5 0 2 171  13  ||87 79 贺杨 四川射洪 11 92 3 0 2 180  13  ||88 98 邹勇 眉山彭山 11 85 5 0 2 159  13  ||89 3 万明清 眉山东坡区 11 84 4 0 2 171  13  ||90 94 贾文学 眉山仁寿 11 83 3 0 1 157  13  ||91 118 叶丰满 福建 11 80 4 0 1 158  13  ||92 40 杨旭 内蒙古 11 79 4 0 0 165  13  ||93 33 付彦博 河北 11 77 4 0 2 149  13  ||94 85 李中银 眉山东坡区 11 60 5 0 3 131  13  ||95 10 张德琪 甘肃 11 60 5 0 2 113  13  ||96 18 张春燕 四川雅安 10 83 4 0 1 162  12  ||97 114 黄忠用 四川德阳 10 82 4 0 2 166  13  ||98 102 刘新杰 四川成都 10 74 5 0 3 127  13  ||99 103 李阳 陕西 10 69 4 0 3 142  13  ||100 31 杨洪 眉山仁寿 10 67 4 0 2 146  13  ||101 58 方宝安 眉山青神 10 65 4 0 3 135  13  ||102 4 杨刚 四川南充 10 64 4 0 1 148  13  ||103 43 刘唐一 眉山东坡区 10 61 4 0 3 144  13  ||104 26 匡立勤 眉山东坡区 10 58 5 0 1 130  13  ||105 110 赵廷禹 眉山东坡区 10 53 4 0 2 120  13  ||106 121 周旭 重庆 9 80 3 0 0 150  13  ||107 71 袁加迪 眉山东坡区 9 65 3 0 2 146  13  ||108 39 王平川 四川成都 9 65 2 0 1 137  13  ||109 100 江晓琪 新疆 9 52 2 0 2 124  13  ||110 24 陈小龙 广东 8 57 3 0 2 119  13  ||111 56 王明全 眉山东坡区 8 52 3 0 1 124  12  ||112 128 徐文金 眉山东坡区 8 48 3 0 2 134  13  ||113 96 葛君亮 眉山东坡区 8 45 3 0 1 127  13  ||114 68 刘公华 眉山东坡区 7 57 3 0 2 137  13  ||115 62 高顺安 眉山东坡区 7 53 3 0 3 147  13  ||116 99 李敏华 眉山东坡区 6 48 3 0 1 107  12  ||117 55 周国庆 眉山彭山 4 26 2 0 1 93  8  ||118 21 陈学文 眉山东坡区 2 12 1 0 0 72  8  ||119 57 谢兵 四川乐山 2 8 1 0 0 61  7  ||120 48 王兴平 眉山东坡区 2 6 1 0 0 90  10  ||121 23 葛剑峰 眉山东坡区 0 0 0 0 0 43  4  ||122 74 赵显春 眉山东坡区 0 0 0 0 0 40  3  ||123 54 杨启明 眉山东坡区 0 0 0 0 0 32  2  ||124 36 龙龚 眉山东坡区 0 0 0 0 0 29  2  ||125 7 王良勇 眉山东坡区 0 0 0 0 0 26  2  ||125 78 谭德志 眉山东坡区 0 0 0 0 0 26  2  ||125 93 周龙健 四川彭州 0 0 0 0 0 26  2  ||128 15 张雪峰 四川达州 0 0 0 0 0 24  2  ||128 124 程继刚 眉山东坡区 0 0 0 0 0 24  2  ||130 130 李勇 眉山东坡区 0 0 0 0 0 22  2[/DhtmlXQ_comment1]
[DhtmlXQ_comment57]棋谱由象棋桥生成。[/DhtmlXQ_comment57]
[DhtmlXQ_type]实战全局/开局[/DhtmlXQ_type]
[DhtmlXQ_timerule][/DhtmlXQ_timerule]
[DhtmlXQ_endtype][/DhtmlXQ_endtype]
[DhtmlXQ_owner][/DhtmlXQ_owner]
[DhtmlXQ_firstnum]0[/DhtmlXQ_firstnum]
[DhtmlXQ_gametype]慢棋[/DhtmlXQ_gametype]
[DhtmlXQ_generator]www.chasoft.net[/DhtmlXQ_generator]
[DhtmlXQ_gamepreview]8d55cec0275f.png[/DhtmlXQ_gamepreview]
[/DhtmlXQ]


