[DhtmlXQ]
[DhtmlXQ_ver]www_vietcotuong_com[/DhtmlXQ_ver]
[DhtmlXQ_init]500,350[/DhtmlXQ_init]
[DhtmlXQ_title]第13轮 第47台 广东省 李锦雄 先胜 河南省 王兴业[/DhtmlXQ_title]
[DhtmlXQ_event]2014年02月广西北流市新圩镇第7届大地杯象棋公开赛[/DhtmlXQ_event]
[DhtmlXQ_date]2014-02-11[/DhtmlXQ_date]
[DhtmlXQ_place]北流市新圩镇[/DhtmlXQ_place]
[DhtmlXQ_round][/DhtmlXQ_round]
[DhtmlXQ_table][/DhtmlXQ_table]
[DhtmlXQ_red]李锦雄[/DhtmlXQ_red]
[DhtmlXQ_redteam][/DhtmlXQ_redteam]
[DhtmlXQ_redrating][/DhtmlXQ_redrating]
[DhtmlXQ_blacktime][/DhtmlXQ_time]
[DhtmlXQ_black]王兴业[/DhtmlXQ_black]
[DhtmlXQ_blackteam][/DhtmlXQ_blackteam]
[DhtmlXQ_blackrating][/DhtmlXQ_blackrating]
[DhtmlXQ_blacktime][/DhtmlXQ_time]
[DhtmlXQ_result]红胜[/DhtmlXQ_result]
[DhtmlXQ_open]E03 仙人指路对中炮[/DhtmlXQ_open]
[DhtmlXQ_remark][/DhtmlXQ_remark]
[DhtmlXQ_author]风雪不归路[/DhtmlXQ_author]
[DhtmlXQ_binit]0919293949596979891777062646668600102030405060708012720323436383[/DhtmlXQ_binit]
[DhtmlXQ_movelist]262572427747706279678070192770752907121689797525271510227973636409292324666564657363624147276566694725262724164667464246594826162925464425552042242341201534161734221747634320324353477749597771535040415551715150514140234342205152[/DhtmlXQ_movelist]
[DhtmlXQ_comment0]2014年广西大地杯象棋公开赛棋手总排名:||||排名 姓名 单位 总分 对手分 胜数 胜 平 负 称号 等级分 ||1 郑惟桐 四川省 23 226 10 10 3 0 大师 2561 ||2 孟　辰 天津市 22 224 9 9 4 0 大师 2526 ||3 张申宏 北京市 20 222 8 8 4 1 大师 2516 ||4 张学潮 广州市 20 221 7 7 6 0  大师　 2531 ||5 黎德志 广州市 19 225 8 8 3 2 　 2466 ||6 王天一 北京市 19 225 7 7 5 1 特大 2647 ||7 赵　玮 上海市 19 224 8 8 3 2 大师 2481 ||8 武俊强 四川省 18 223 7 7 4 2 大师 2522 ||9 王华章 湖北省 18 218 7 7 4 2 　 0 ||10 李少庚 四川省 18 216 6 6 6 1 大师 2504 ||11 黄竹风 浙江省 18 209 7 7 4 2 大师 2574 ||12 金　波 北京市 18 205 7 7 4 2 大师 2487 ||13 徐崇峰 浙江省 18 204 6 6 6 1 　 0 ||14 邓桂林 广西 18 201 8 8 2 3 　 0 ||15 周平荣 江西省 18 199 8 8 2 3 　 0 ||16 曹岩磊 澳门 18 198 8 8 2 3 大师 2458 ||17 蔡佑广 广东省 17 206 8 8 1 4 　 0 ||18 王　清 湖南省 17 202 6 6 5 2 　 0 ||19 薛文强 新疆 17 202 6 6 5 2 大师 2428 ||20 王家瑞 浙江省 17 202 6 6 5 2 　 0 ||21 苗永鹏 广东省 17 200 6 6 5 2 特大 2419 ||22 陆伟韬 河北省 17 197 7 7 3 3 大师 2540 ||23 李炳贤 浙江省 17 195 7 7 3 3 　 0 ||24 谢尚有 浙江省 17 192 6 6 5 2 　 0 ||25 侯文博 河北省 17 190 6 6 5 2 　 0 ||26 肖建华 湖南省 17 185 8 8 1 4 　 0 ||27 胡克华 广州市 17 185 8 8 1 4 　 0 ||28 张新荣 广东省 17 177 7 7 3 3 　 0 ||29 余　健 广西 17 168 8 8 1 4 　 0 ||30 刘子健 湖北省 17 166 6 6 5 2 　 2499 ||31 连泽特 新疆 16 211 6 6 4 3 大师 2450 ||32 刘宗泽 湖北省 16 210 6 6 4 3 　 0 ||33 李鸿嘉 广州市 16 204 6 6 4 3 大师 2514 ||34 何文哲 浙江省 16 204 5 5 6 2 大师 2450 ||35 李　进 广东省 16 201 6 6 4 3 　 0 ||36 靳玉砚 北京市 16 199 5 5 6 2 大师 2426 ||37 蓝向农 广西 16 196 5 5 6 2 　 0 ||38 万春林 上海市 16 192 7 7 2 4 特大 2489 ||39 许文章 重庆市 16 191 5 5 6 2 　 0 ||40 梁　宁 广西 16 190 8 8 0 5 　 0 ||41 孙昕昊 浙江省 16 190 7 7 2 4 　 0 ||42 姚洪新 河南省 16 188 6 6 4 3 　 0 ||43 王文志 广东省 16 187 7 7 2 4 　 0 ||44 刘立山 广东省 16 187 6 6 4 3 　 0 ||45 庞才良 广东省 16 187 5 5 6 2 　 0 ||46 杨阳福 广东省 16 186 7 7 2 4 　 0 ||47 伍世钦 广东省 16 186 7 7 2 4 　 0 ||48 梁　林 湖南省 16 184 7 7 2 4 　 0 ||49 秦　荣 广西 16 182 6 6 4 3 　 0 ||50 梁　政 广东省 16 181 6 6 4 3 　 0 ||51 冯明光 广西 16 180 6 6 4 3 　 0 ||52 梁明锋 广西 16 177 7 7 2 4 　 0 ||53 刘云达 湖南省 16 176 7 7 2 4 　 0 ||54 覃海韬 广西 16 174 8 8 0 5 　 0 ||55 陈新耀 广东省 16 162 8 8 0 5 　 0 ||56 林辉宇 广西区 16 156 8 8 0 5 　 0 ||57 才　溢 北京市 15 203 6 6 3 4 大师 2535 ||58 聂铁文 黑龙江 15 200 5 5 5 3 大师 2539 ||59 陈湖海 广西 15 195 5 5 5 3 　 0 ||60 宋昊明 浙江省 15 195 5 5 5 3 　 0 ||61 李旭平 广东省 15 193 6 6 3 4 　 0 ||62 陈幸琳 广州市 15 191 6 6 3 4 大师 2343 ||63 朱　毅 广西 15 191 5 5 5 3 　 0 ||64 杨昌荣 贵州省 15 190 6 6 3 4 　 0 ||65 张泽海 辽宁省 15 185 6 6 3 4 　 0 ||66 林远奔 广东省 15 184 6 6 3 4 　 0 ||67 李锦雄 广东省 15 183 7 7 1 5 　 0 ||68 王　疆 广西 15 177 6 6 3 4 　 0 ||69 唐中平 广西 15 170 6 6 3 4 　 0 ||70 甘国略 广东省 15 168 7 7 1 5 　 0 ||71 黄文俊 湖北省 14 210 6 6 2 5 　 0 ||72 林进春 广东省 14 194 4 4 6 3 　 0 ||73 李祖高 浙江省 14 192 6 6 2 5 　 0 ||74 黎树坚 广西 14 192 4 4 6 3 　 0 ||75 王　帆 湖北省 14 190 4 4 6 3 　 0 ||76 韦海东 广西 14 185 4 4 6 3 　 0 ||77 吴宗秀 广西 14 183 7 7 0 6 　 0 ||78 邓永生 广东省 14 183 4 4 6 3 　 0 ||79 曾建立 湖南省 14 182 6 6 2 5 　 0 ||80 李立明 广西 14 180 7 7 0 6 　 0 ||81 张若愚 重庆市 14 179 4 4 6 3 　 0 ||82 陆安京 广西 14 178 5 5 4 4 　 0 ||83 张海利 河北省 14 177 4 4 6 3 　 0 ||84 孙伟吉 北京市 14 176 6 6 2 5 　 0 ||85 肖能武 广东省 14 174 6 6 2 5 　 0 ||86 李小刚 广东省 14 174 6 6 2 5 　 0 ||87 肖乘承 广东省 14 172 7 7 0 6 　 0 ||88 陈建昌 广西 14 172 6 6 2 5 　 0 ||89 周　熠 广西 14 172 5 5 4 4 大师 2207 ||90 王　晴 天津市 14 172 5 5 4 4 大师 2250 ||91 朱绍忠 贵州省 14 171 5 5 4 4 　 0 ||92 廖　镠 广西 14 171 5 5 4 4 　 0 ||93 叶　宗 广西 14 169 6 6 2 5 　 0 ||94 张际平 新圩镇 14 168 6 6 2 5 　 0 ||95 梁可瀚 广东省 14 168 4 4 6 3 　 0 ||96 覃宏国 广西 14 167 6 6 2 5 　 0 ||97 王未希 广西 14 167 6 6 2 5 　 0 ||98 罗昭强 广西 14 163 7 7 0 6 　 0 ||99 高德鸣 广西 14 163 6 6 2 5 　 0 ||100 孔令帮 广西 14 159 5 5 4 4 　 0 ||101 王　剑 湖北省 14 153 6 6 2 5 　 0 ||102 卢　军 广西 14 153 5 5 4 4 　 0 ||103 蒋　二 广西 14 151 7 7 0 6 　 0 ||104 欧照芳 广西 13 196 6 6 1 6 　 0 ||105 雷隆云 四川省 13 192 5 5 3 5 　 0 ||106 朱　刚 广西 13 190 6 6 1 6 　 0 ||107 王兴业 河南省 13 190 5 5 3 5 　 0 ||108 黄惠权 广东省 13 186 6 6 1 6 　 0 ||109 杨小平 广西 13 183 5 5 3 5 　 0 ||110 杨小平 湖北省 13 179 6 6 1 6 　 0 ||111 裴建新 新疆 13 179 2 2 9 2 　 0 ||112 彭定洪 广东省 13 177 5 5 3 5 　 0 ||113 陈桂森 广西 13 174 5 5 3 5 　 0 ||114 吕　皓 广西 13 174 4 4 5 4 　 0 ||115 周永忠 重庆市 13 167 6 6 1 6 　 0 ||116 陆宏伟 浙江省 13 165 6 6 1 6 　 0 ||117 吴捷儿 广东省 13 165 5 5 3 5 　 0 ||118 张鸿培 广西 13 164 6 6 1 6 　 0 ||119 农　勇 广西 13 164 4 4 5 4 　 0 ||120 时凤兰 广州市 13 164 3 3 7 3 大师 2310 ||121 庞　诺 广西 13 163 5 5 3 5 　 0 ||122 蓝云忠 广西 13 162 5 5 3 5 　 0 ||123 文兴定 重庆市 13 158 5 5 3 5 　 0 ||124 韩立庞 广西 13 158 4 4 5 4 　 0 ||125 刘圣民 广东省 13 152 5 5 3 5 　 0 ||126 罗振远 广西 13 149 6 6 1 6 　 0 ||127 陈子辉 广东省 13 147 6 6 1 6 　 0 ||128 谢　艺 广东省 12 183 5 5 2 6 　 0 ||129 林　庆 辽宁省 12 181 6 6 0 7 　 0 ||130 玉业团 广西 12 180 3 3 6 4 　 0 ||131 杨　奇 广东省 12 179 4 4 4 5 　 0 ||132 邓如军 广西 12 177 6 6 0 7 　 0 ||133 梁　洪 广西 12 177 4 4 4 5 　 0 ||134 陈　建 广西 12 176 6 6 0 7 　 0 ||135 周开生 湖南省 12 170 5 5 2 6 　 0 ||136 梁汉邦 广西 12 168 4 4 4 5 　 0 ||137 朱和璧 广西 12 166 5 5 2 6 　 0 ||138 彭爱国 湖南省 12 164 3 3 6 4 　 0 ||139 姚良诚 广西 12 162 6 6 0 7 　 0 ||140 周玉凌 广西 12 161 5 5 2 6 　 0 ||141 廖广祥 广西 12 159 5 5 2 6 　 0 ||142 杨　旭 内蒙古 12 156 6 6 0 7 　 0 ||143 杜伙明 广东省 12 153 5 5 2 6 　 0 ||144 李春晖 广西 12 152 6 6 0 7 　 0 ||145 卢贤杰 新圩镇 12 149 6 6 0 7 　 0 ||146 韦栋凡 广西 12 146 6 6 0 7 　 0 ||147 李廷彬 新圩镇 12 142 5 5 2 6 　 0 ||148 闵斌桥 广东省 12 139 5 5 2 6 　 0 ||149 韦六干 广西 11 182 4 4 3 6 　 0 ||150 林　军 湖南省 11 179 4 4 3 5 　 0 ||151 覃硕丰 广西 11 173 5 5 1 7 　 0 ||152 周　裕 广西 11 169 4 4 3 6 　 0 ||153 邓少孟 广西 11 168 5 5 1 7 　 0 ||154 罗泽函 广西 11 165 5 5 1 7 　 0 ||155 廖永达 广西 11 164 5 5 1 7 　 0 ||156 周锦俊 广西 11 162 4 4 3 6 　 0 ||157 张家俊 新圩镇 11 160 5 5 1 7 　 0 ||158 彭　博 湖南省 11 157 4 4 3 6 　 0 ||159 徐　进 重庆市 11 155 3 3 5 5 　 0 ||160 李兆杰 广西 11 153 5 5 1 7 　 0 ||161 陈启中 湖南省 11 152 4 4 3 5 　 0 ||162 周以林 广西 11 152 4 4 3 6 　 0 ||163 彭晓程 广西 11 151 5 5 1 7 　 0 ||164 刘武清 广西 11 149 4 4 3 6 　 0 ||165 冯忠强 广东省 11 144 5 5 1 7 　 0 ||166 曾品辉 广西 11 144 3 3 5 5 　 0 ||167 陈　超 新圩镇 11 143 5 5 1 7 　 0 ||168 陈奇聪 广东省 11 143 4 4 3 6 　 0 ||169 何　佳 新圩镇 11 142 5 5 1 7 　 0 ||170 谢启文 广东省 11 140 4 4 3 6 　 0 ||171 阮飞龙 陕西省 11 135 5 5 1 7 　 0 ||172 李朝海 广西 11 130 5 5 1 7 　 0 ||173 陈　北 广西 11 130 5 5 1 7 　 0 ||174 罗家其 新圩镇 11 129 4 4 3 6 　 0 ||175 冯咸坚 广西 10 167 4 4 2 7 　 0 ||176 梁仕坤 新圩镇 10 162 4 4 2 7 　 0 ||177 王　来 新疆区 10 157 4 4 2 7 　 0 ||178 黄文誉 广西 10 153 4 4 2 7 　 0 ||179 黄　胜 广西 10 153 3 3 4 6 　 0 ||180 黄科旭 广西 10 152 4 4 2 7 　 0 ||181 杨昭东 广西 10 146 5 5 0 8 　 0 ||182 程聪文 广西 10 144 4 4 2 7 　 0 ||183 张家伟 广西 10 144 4 4 2 7 　 0 ||184 曾德佳 广西 10 143 3 3 4 6 　 0 ||185 欧黎文 广西 10 140 4 4 2 7 　 0 ||186 欧建平 广西 10 139 4 4 2 7 　 0 ||187 赖小全 广西 10 138 4 4 2 7 　 0 ||188 赵世生 广西 10 138 3 3 4 6 　 0 ||189 薛标邦 广西 10 135 5 5 0 8 　 0 ||190 吕　科 广西 10 132 4 4 2 7 　 0 ||191 李明颢 广西 10 118 4 4 2 7 　 0 ||192 王　毅 广西 9 175 4 4 1 8 　 0 ||193 谭　斌 广西 9 171 4 4 1 8 　 0 ||194 陈红标 广东省 9 159 4 4 1 8 　 0 ||195 蒋成香 贵州省 9 155 4 4 1 8 　 0 ||196 禤惠地 新圩镇 9 153 3 3 3 7 　 0 ||197 韦勇流 广西 9 145 4 4 1 8 　 0 ||198 梁志云 广西 9 144 4 4 1 8 　 0 ||199 周文炳 甘肃省 9 144 3 3 3 7 　 0 ||200 陈统源 新圩镇 9 143 3 3 3 7 　 0 ||201 郑绍鑫 广西 9 143 3 3 3 7 　 0 ||202 黎国宏 广西 9 139 4 4 1 8 　 0 ||203 秦东萍 广西 9 137 3 3 3 7 　 0 ||204 廖庆刚 广西 9 136 2 2 5 6 　 0 ||205 李　任 广西 9 134 3 3 3 7 　 0 ||206 肖浩平 广西 9 129 4 4 1 8 　 0 ||207 梁慈诚 广西 9 127 4 4 1 8 　 0 ||208 刘绍全 广西 9 125 3 3 3 7 　 0 ||209 秦　阁 广西 8 143 4 4 0 9 　 0 ||210 谬　莹 湖南省 8 136 3 3 2 8 　 0 ||211 陈桂昌 广东省 8 130 4 4 0 9 　 0 ||212 覃克春 广西 8 127 3 3 2 8 　 0 ||213 何国安 广西 8 110 4 4 0 9 　 0 ||214 韦鑫桂 广西 7 148 3 3 1 9 　 0 ||215 葛　钧 贵州省 7 129 2 2 3 8 　 0 ||216 毛祖坚 广西 7 126 3 3 1 9 　 0 ||217 赵维超 新圩镇 7 119 2 2 3 8 　 0 ||218 江铭武 广西 7 114 3 3 1 9 　 0 ||219 朱家勇 广西 7 110 2 2 3 8 　 0 ||220 黄俊祥 广西 6 124 3 3 0 10 　 0 ||221 庞贞祥 新圩镇 6 121 2 2 2 9 　 0 ||222 林运其 广西 5 128 2 2 1 9 　 0 ||223 黄　荣 广西 4 124 2 2 0 10 　 0 ||224 管祖强 广西 2 113 1 1 0 12 　 0[/DhtmlXQ_comment0]
[DhtmlXQ_type]实战全局/开局[/DhtmlXQ_type]
[DhtmlXQ_timerule]45分﹢5秒[/DhtmlXQ_timerule]
[DhtmlXQ_endtype] [/DhtmlXQ_endtype]
[DhtmlXQ_owner]风雪不归路[/DhtmlXQ_owner]
[DhtmlXQ_firstnum]0[/DhtmlXQ_firstnum]
[DhtmlXQ_gametype][/DhtmlXQ_gametype]
[DhtmlXQ_generator]www.ccbridge.net[/DhtmlXQ_generator]
[DhtmlXQ_gamepreview]1fb0163ff49c.png[/DhtmlXQ_gamepreview]
[/DhtmlXQ]


