[DhtmlXQ]
[DhtmlXQ_ver]www_vietcotuong_com[/DhtmlXQ_ver]
[DhtmlXQ_init]500,350[/DhtmlXQ_init]
[DhtmlXQ_title]佛山 蔡佑广 胜 潮阳 郑鸿标[/DhtmlXQ_title]
[DhtmlXQ_event]2018年东莞市凤岗镇第一季度象棋公开赛[/DhtmlXQ_event]
[DhtmlXQ_date]2018-03-25[/DhtmlXQ_date]
[DhtmlXQ_place]东莞市凤岗镇体育馆[/DhtmlXQ_place]
[DhtmlXQ_round]第09轮[/DhtmlXQ_round]
[DhtmlXQ_table]第03台[/DhtmlXQ_table]
[DhtmlXQ_red]蔡佑广[/DhtmlXQ_red]
[DhtmlXQ_redteam]佛山[/DhtmlXQ_redteam]
[DhtmlXQ_redrating][/DhtmlXQ_redrating]
[DhtmlXQ_blacktime][/DhtmlXQ_time]
[DhtmlXQ_black]郑鸿标[/DhtmlXQ_black]
[DhtmlXQ_blackteam]潮阳[/DhtmlXQ_blackteam]
[DhtmlXQ_blackrating][/DhtmlXQ_blackrating]
[DhtmlXQ_blacktime][/DhtmlXQ_time]
[DhtmlXQ_result]红胜[/DhtmlXQ_result]
[DhtmlXQ_open]C72 五七炮互进三兵对屏风马边卒右马外盘河[/DhtmlXQ_open]
[DhtmlXQ_remark][/DhtmlXQ_remark]
[DhtmlXQ_author][/DhtmlXQ_author]
[DhtmlXQ_binit]0919293949596979891777062646668600102030405060708012720323436383[/DhtmlXQ_binit]
[DhtmlXQ_movelist]774770626665807079672324897910221907030417272214675500037973204227377282737062704743504137670333294714224344121444142214090882860888868455633353638483848884535767871406464570624544040565645767645406273948270884860506072808162816061686566763545363835666627466647482444383862625242547258646646546446566161725471718878844146676415053524220766614546660545288185212183812136062827462647482483913236444504138482322445482704353706247252042546462505352222552512555646155544847545539485556515040506171566671724260727541526987666787653041474341324363671775705040706040416333[/DhtmlXQ_movelist]
[DhtmlXQ_comment0]2018年东莞市凤岗镇第一季度象棋公开赛第09轮后即时排行[仅供参考]||排名	编号	姓名	团体	积分	对手分	累进分	胜局	后手局数	出场	胜	和	负	备注||官方排名 第08轮排行 本轮对阵 个人第09轮后即时排行 胜率统计 第01轮排行 官方排名||1	23	程宇东	广州	16	106	79	7	4	9	7	2	0	106||2	48	黄光颖	广州	15	101	76	6	4	9	6	3	0	101||3	94	黄文俊	广州	14	107	71	6	5	9	6	2	1	107||4	16	蔡佑广	佛山	14	105	68	7	4	9	7	0	2	105||5	29	李禹	广州	14	104	73	6	5	9	6	2	1	104||6	72	黄仕清	广西	14	96	70	6	4	9	6	2	1	96||7	9	黎德志	广州	13	111	78	6	4	9	6	1	2	111||8	112	林辉宇	广西	13	111	74	5	4	9	5	3	1	111||9	142	梁运龙	凤岗	13	109	70	5	5	9	5	3	1	109||10	22	朱少钧	韶关	13	102	70	4	5	9	4	5	0	102||11	133	张民革	陕西	13	100	68	6	4	9	6	1	2	100||12	111	张梓恒	韶关	13	96	63	6	5	9	6	1	2	96||13	55	吴填	汕尾	13	94	69	5	4	9	5	3	1	94||14	122	谭琳琳	开平	13	94	65	5	4	9	5	3	1	94||15	144	方招圣	江西	13	93	65	6	4	9	6	1	2	93||16	31	孔令义	湖北	13	91	63	6	4	9	6	1	2	91||17	139	姚洪新	河南	12	114	77	5	4	9	5	2	2	114||18	15	赖晋强	普宁	12	107	66	6	5	9	6	0	3	107||19	87	彭勇	江西	12	101	69	5	4	9	5	2	2	101||20	66	李锦雄	广东	12	99	59	5	5	9	5	2	2	99||21	10	郑鸿标	潮阳	12	97	64	5	5	9	5	2	2	97||22	8	范磊	辽宁	12	94	61	5	4	9	5	2	2	94||22	120	王文志	湖北	12	94	61	5	4	9	5	2	2	94||24	45	张玉具	邯郸	12	92	63	5	4	9	5	2	2	92||25	36	隋毅	辽宁	12	89	64	6	4	9	6	0	3	89||26	59	陈树雄	汕头	12	88	67	5	5	9	5	2	2	88||27	131	时凤兰	中山	12	87	55	5	5	9	5	2	2	87||28	64	周童	湖南	12	85	52	6	4	9	6	0	3	85||29	37	李有棋	珠海	12	84	58	6	4	9	6	0	3	84||30	90	胡孝总	深圳	12	76	49	5	4	9	5	2	2	76||31	148	肖能武	湖南	11	104	66	5	5	9	5	1	3	104||32	13	刘云霆	湖北	11	95	59	5	4	9	5	1	3	95||33	106	苏钜明	中山	11	91	54	5	5	9	5	1	3	91||34	141	莫梓健	凤岗	11	88	56	5	4	9	5	1	3	88||35	40	林少白	普宁	11	88	53	5	4	9	5	1	3	88||36	26	王发庚	湖北	11	87	52	5	5	9	5	1	3	87||37	127	刘海雷	深圳	11	84	49	4	5	9	4	3	2	84||38	1	刘宇彬	广东	11	84	47	5	4	9	5	1	3	84||39	96	林锡安	揭西	11	79	57	5	5	9	5	1	3	79||40	105	梁可瀚	广东	11	78	54	4	5	9	4	3	2	78||41	76	张文平	江西	11	78	49	4	4	9	4	3	2	78||42	20	林葵	东莞	11	68	38	5	4	9	5	1	3	68||43	123	李小刚	湖北	10	98	58	4	5	9	4	2	3	98||44	115	叶昊	东莞	10	96	58	3	5	9	3	4	2	96||45	113	彭俊雄	湖南	10	93	60	4	5	9	4	2	3	93||46	80	龚新成	湖南	10	90	58	4	5	9	4	2	3	90||47	4	邹卫勋	佛山	10	89	56	5	4	9	5	0	4	89||48	84	梁敏峰	广东	10	88	53	4	5	9	4	2	3	88||49	135	周新平	珠海	10	86	53	4	5	9	4	2	3	86||50	119	陈羽琦	广东	10	85	58	4	4	9	4	2	3	85||51	82	欧桂林	湛江	10	85	56	5	5	9	5	0	4	85||52	58	江少宏	普宁	10	85	50	5	5	9	5	0	4	85||53	21	赵子睿	凤岗	10	84	46	5	4	9	5	0	4	84||54	132	刘烈进	韶关	10	84	42	4	4	9	4	2	3	84||55	6	周少勇	普宁	10	83	54	5	5	9	5	0	4	83||56	69	唐炯	湖北	10	83	51	4	4	9	4	2	3	83||57	30	罗岁丰	广东	10	82	40	4	5	9	4	2	3	82||58	73	施华山	赣州	10	81	56	4	5	9	4	2	3	81||59	99	郭中基	潮州	10	81	54	5	5	9	5	0	4	81||60	130	张宇飞	深圳	10	79	48	3	4	9	3	4	2	79||61	145	列赐达	广州	10	79	46	5	5	9	5	0	4	79||62	124	陈培浪	广东	10	79	46	4	4	9	4	2	3	79||63	104	刘荣建	东莞	10	79	44	5	4	9	5	0	4	79||64	42	林小蕃	广州	10	76	46	5	5	9	5	0	4	76||65	52	陈波	湖北	10	76	46	4	4	9	4	2	3	76||66	53	余志华	广东	10	76	38	5	4	9	5	0	4	76||67	14	石珺	深圳	10	74	46	5	5	9	5	0	4	74||68	97	黎树坚	广西	10	73	42	5	5	9	5	0	4	73||69	93	杨婷婷	湖北	9	96	51	4	4	9	4	1	4	96||70	117	唐庆祥	东莞	9	92	50	3	5	9	3	3	3	92||71	81	李可东	广州	9	88	51	4	5	9	4	1	4	88||72	79	余洪波	凤岗	9	86	43	3	4	9	3	3	3	86||73	63	宋建军	珠海	9	85	51	4	5	9	4	1	4	85||74	108	罗茂瑜	深圳	9	84	54	3	4	9	3	3	3	84||75	11	邓元付	塘厦	9	84	45	4	5	9	4	1	4	84||76	88	骆锋	广东	9	81	48	4	4	9	4	1	4	81||77	116	郭逢才	深圳	9	78	42	4	4	9	4	1	4	78||78	83	张景星	揭阳	9	76	33	3	4	9	3	3	3	76||79	44	刘光振	河南	9	75	49	3	5	9	3	3	3	75||80	95	王炳林	广东	9	72	40	4	4	9	4	1	4	72||81	143	杨志勇	广西	9	69	40	4	4	9	4	1	4	69||82	50	杨建生	贵州	9	68	37	3	4	9	3	3	3	68||83	49	朱斌	重庆	8	89	55	3	4	9	3	2	4	89||84	5	朱晓云	深圳	8	89	46	4	4	9	4	0	5	89||85	98	孙成龙	山东	8	87	47	3	4	9	3	2	4	87||86	54	向俊华	深圳	8	87	46	3	5	9	3	2	4	87||87	62	严有良	深圳	8	85	40	4	5	9	4	0	5	85||88	137	雷雄才	香港	8	83	44	4	4	9	4	0	5	83||89	25	林翔	广东	8	83	42	3	4	9	3	2	4	83||90	27	蔡建钊	东莞	8	81	44	3	5	9	3	2	4	81||91	147	沈天培	深圳	8	81	42	3	4	9	3	2	4	81||92	75	刘小敏	深圳	8	80	43	3	5	9	3	2	4	80||93	86	伍光华	云南	8	80	43	2	5	9	2	4	3	80||94	3	欧阳风	湖南	8	80	42	4	5	9	4	0	5	80||95	140	谢启文	凤岗	8	80	37	3	5	9	3	2	4	80||96	118	王槐刚	深圳	8	78	42	3	5	9	3	2	4	78||97	136	吴剑平	深圳	8	78	38	3	4	9	3	2	4	78||98	41	李海涛	广东	8	78	30	3	4	9	3	2	4	78||99	126	何含露	广州	8	74	39	3	4	9	3	2	4	74||100	85	邢栋	深圳	8	74	37	3	4	9	3	2	4	74||101	65	吴宇骏	茂名	8	72	38	3	4	9	3	2	4	72||102	134	许李平	广东	8	71	32	4	5	9	4	0	5	71||103	43	王小燕	江西	8	67	30	3	4	9	3	2	4	67||104	39	王拓	深圳	8	65	30	4	5	9	4	0	5	65||105	7	周政	湖南	8	65	30	3	5	9	3	2	4	65||106	68	赵俊峰	深圳	8	64	35	3	4	9	3	2	4	64||107	28	邓春麟	江西	8	62	32	4	4	9	4	0	5	62||108	33	程祥	广东	8	61	29	3	4	9	3	2	4	61||109	34	叶生洪	广州	7	87	50	3	5	9	3	1	5	87||110	102	邓惠荣	徐闻	7	86	44	3	5	9	3	1	5	86||111	67	徐勤华	山东	7	78	35	3	5	9	3	1	5	78||112	91	卢鸿驹	香港	7	77	45	3	5	9	3	1	5	77||113	47	吴永生	香港	7	77	37	3	5	9	3	1	5	77||114	57	陈彝敏	凤岗	7	71	31	3	4	9	3	1	5	71||115	114	彭当益	湖北	7	71	29	3	5	9	3	1	5	71||116	46	林煜嘉	凤岗	7	69	20	3	5	9	3	1	5	69||117	92	赵文峰	深圳	7	68	31	3	5	9	3	1	5	68||118	121	汪兴平	凤岗	7	65	27	3	5	9	3	1	5	65||119	61	王德洺	汕头	7	58	24	3	4	9	3	1	5	58||120	146	李仙洲	深圳	6	80	36	3	5	9	3	0	6	80||121	38	张焕始	广西	6	79	40	3	5	9	3	0	6	79||122	2	刘勇涛	普宁	6	79	36	3	5	9	3	0	6	79||123	78	欧志强	香港	6	75	42	2	5	9	2	2	5	75||124	100	俞春林	广东	6	70	28	3	5	9	3	0	6	70||125	24	蔡曜阳	石龙	6	70	18	3	4	9	3	0	6	70||126	77	叶添青	广东	6	69	28	3	5	9	3	0	6	69||127	110	张彦杰	广东	6	67	32	3	5	9	3	0	6	67||128	51	余镇群	汕尾	6	67	27	2	5	9	2	2	5	67||129	101	郑雅琪	凤岗	6	66	36	1	4	9	1	4	4	66||130	70	程火兴	深圳	6	60	25	2	5	9	2	2	5	60||131	107	黎艺华	广东	6	57	26	3	5	9	3	0	6	57||132	89	徐达	东莞	5	76	33	2	4	9	2	1	6	76||133	128	范银	河南	5	72	24	1	5	9	1	3	5	72||134	32	郭跃杰	深圳	5	71	27	2	5	9	2	1	6	71||135	125	郑镇宏	普宁	5	65	25	2	4	9	2	1	6	65||136	17	陈帮清	江西	5	63	25	2	4	9	2	1	6	63||137	103	郭一泽	凤岗	5	62	23	2	4	9	2	1	6	62||138	71	陈婉欣	凤岗	5	62	22	1	5	9	1	3	5	62||139	56	刘中华	深圳	5	62	19	2	4	9	2	1	6	62||140	35	许正松	深圳	5	61	17	2	5	9	2	1	6	61||141	12	邢宏俊	惠州	4	73	30	2	4	9	2	0	7	73||142	18	刘险峰	深圳	4	57	20	2	5	9	2	0	7	57||143	138	赵靖豪	凤岗	4	57	12	1	5	9	1	2	6	57||144	109	张涵杰	凤岗	4	49	14	2	4	9	2	0	7	49||145	129	黄芹	赣州	3	59	11	1	4	9	1	1	7	59||146	19	黄龙昌	广东	2	61	18	1	5	9	1	0	6	61||147	60	邓美旋	广东	2	61	14	1	4	9	1	0	7	61||148	74	梁明锋	广西	0	52	0	0	4	9	0	0	8	52||排序规则：积分，对手分，累进分，胜局，后手局数[/DhtmlXQ_comment0]
[DhtmlXQ_comment1]2018年东莞市凤岗镇第一季度象棋公开赛||||　　一、指导单位：广东省棋类协会||　　主办单位：凤岗镇人民政府||　　承办单位：东莞市凤岗镇宣教文体局||　　协办单位：东莞市凤岗镇象棋协会||　　二、比赛时间、地点：||　　时间：2018年3月24日—25日中午||　　地点：东莞市凤岗镇体育馆。||　　三、比赛项目：象棋个人赛||　　四、报名条件：||　　1、凡成人象棋爱好者，只要身心健康，遵守本赛会竞赛规则的||　　均可报名参加，报名费每人50元。（国家大师、国家级裁判免||　　收报名费）||　　2、报名信息要写上籍贯(省份)、姓名。即：姓名+省份(广东省||　　内写上市)||　　3、报名联系电话、微信转账：13537519709吴章东 17722382219||　　高铭键（可在棋弈家微信公众号报名缴费）以收到报名费为准编排||　　比赛。||　　4、曾拿过省象棋锦标赛前三名或全国少年锦标赛前八名的青少年||　　棋手可报名。||　　五、报名时间：即日起至 2018年3月22日前截止报名。||　　六、竞赛规则：||　　1、采取中亚结合棋规，具体见补充细则。||　　2、自然限着40回合，将军不计步数。长捉一子第二步后不算。||　　3、比赛采用9轮电脑积分编排制||　　4、用时：基本用时30分钟每步加3秒。||　　5、个人成绩按以下顺序：积分、对手分、累进分、胜局、后手||　　局数、上轮名次。||　　6、赛场纪律：1 赛场内禁止吸烟2 服从裁判 3 关闭手机4发现||　　用无线电\智能手机\平板电脑等电子设备作弊者、网上通报，永远||　　取消凤岗季度赛参赛资格。||　　七、录取名次与奖励：||　　奖励前二十名：||　　第一名：5000元、第二名：3000元、第三名：1500元、||　　第四名：1000元、第五、六名800元、第七至十名500元、||　　第十一至二十名300元。||　　八、比赛安排时间（以收报名费为准编排比赛，棋手可直接到场参赛）||　　3月24日上午 9:30 开始 第1-2轮　　下午 14:00 开始 第3-4轮　　晚上 19:30 开始 第5-6轮||　　3月25日上午 8:30 开始 第7-9轮　　中午 12:30发奖||　　九、参赛者自买保险，安全责任自负。||||　　东莞市凤岗镇季度象棋公开赛规则||||　　1、本比赛采用中亚结合棋规。||　　2、长捉（分捉）、长杀、一将一杀、一将一捉、一杀一捉、属禁止着法（按“国规”）||　　3、两打对一打、多打对少打，多打方变着（按“国 规”）||　　4、两子或多子长劫一子，不论是否有根，按长捉论（按“国规”）||　　5、一将一抽、一捉一抽、一杀一抽、长抽属允许着法（按“亚规”）||　　6、其他棋例（如多步推算、预计得失等棋例）（按“亚规”）裁决||　　7、自然限着40回合，提和方将军不计步数，长捉一子第2步不计步数。||　　8、正和、例和（走到公认的和棋局面）裁判可判和。[/DhtmlXQ_comment1]
[DhtmlXQ_type]实战全局/开局[/DhtmlXQ_type]
[DhtmlXQ_timerule]30分＋3秒[/DhtmlXQ_timerule]
[DhtmlXQ_endtype][/DhtmlXQ_endtype]
[DhtmlXQ_owner][/DhtmlXQ_owner]
[DhtmlXQ_firstnum]0[/DhtmlXQ_firstnum]
[DhtmlXQ_gametype]慢棋[/DhtmlXQ_gametype]
[DhtmlXQ_generator]www.chasoft.net[/DhtmlXQ_generator]
[DhtmlXQ_gamepreview]564d7d4eb8a5.png[/DhtmlXQ_gamepreview]
[/DhtmlXQ]


